9999.0 9999.0 16.14578351304142 16.512034406759213 18.755595545063347 18.50345001614564 18.10802491300473 16.42445786776538 8.972715140914707 5.733621630348484 4.8357850448505255 2.35440374617439 11.25056518580289 5.9555198765515005 9999.0 9999.0 9999.0 9999.0 9999.0 9999.0 9999.0 9999.0 9999.0 9999.0 9999.0 9999.0 9999.0
9999.0 9999.0 13.770680538738818 14.17981283374361 16.257668052337642 18.2125271516613 18.17044526146787 16.499220663413166 6.226476150279546 2.9876253530186814 5.626873488003795 4.68611835637983 8.730910906085343 7.3011441055494855 9999.0 9999.0 9999.0 9999.0 9999.0 9999.0 9999.0 9999.0 9999.0 9999.0 9999.0 9999.0 9999.0
16.14578351304142 13.770680538738818 9999.0 9999.0 9999.0 15.28827440393454 16.975878607600844 16.01478847815356 9999.0 9999.0 9999.0 9999.0 9999.0 9999.0 8.06856748438036 12.84561720004142 8.339720094223788 4.724101104972246 9.71475842468561 8.409600540453749 6.585926757108675 9999.0 9999.0 9999.0 9999.0 9999.0 9999.0
16.512034406759213 14.17981283374361 9999.0 9999.0 9999.0 14.95416233862666 16.693340618342393 15.778158970551667 9999.0 9999.0 9999.0 9999.0 9999.0 9999.0 7.59034342108445 13.03860856264962 7.74905240981115 5.260428998665413 9.13022251919415 7.8851387590834445 6.6801244936004 9999.0 9999.0 9999.0 9999.0 9999.0 9999.0
18.755595545063347 16.257668052337642 9999.0 9999.0 9999.0 17.66117791230245 19.50171050190213 18.659818648636435 9999.0 9999.0 9999.0 9999.0 9999.0 9999.0 9.896797777564215 10.171573440230375 8.189508913848254 4.551313683981801 9.308853648543414 7.2296615584686945 3.7217007201009595 9999.0 9999.0 9999.0 9999.0 9999.0 9999.0
18.50345001614564 18.2125271516613 15.28827440393454 14.95416233862666 17.66117791230245 9999.0 9999.0 9999.0 9999.0 9999.0 9999.0 9999.0 9999.0 9999.0 9999.0 9999.0 9999.0 9999.0 9999.0 9999.0 9999.0 3.1938751541035537 2.621314269598363 8.98933192734588 6.1985593890838855 3.4813917475630345 12.085058481447247
18.10802491300473 18.17044526146787 16.975878607600844 16.693340618342393 19.50171050190213 9999.0 9999.0 9999.0 9999.0 9999.0 9999.0 9999.0 9999.0 9999.0 9999.0 9999.0 9999.0 9999.0 9999.0 9999.0 9999.0 0.9917314404615798 4.925330572662103 8.436073212697954 8.429429473576489 5.0550500739359645 14.218538295127248
16.42445786776538 16.499220663413166 16.01478847815356 15.778158970551667 18.659818648636435 9999.0 9999.0 9999.0 9999.0 9999.0 9999.0 9999.0 9999.0 9999.0 9999.0 9999.0 9999.0 9999.0 9999.0 9999.0 9999.0 2.382967530202625 5.54436058080641 6.752531691891568 8.256432901077801 4.373932355444011 15.059476559628493
8.972715140914707 6.226476150279546 9999.0 9999.0 9999.0 9999.0 9999.0 9999.0 9999.0 3.3541019662496843 10.026464980241043 10.805207078071202 4.8373546489791295 11.947384651043926 9999.0 9999.0 9999.0 9999.0 9999.0 9999.0 9999.0 9999.0 9999.0 9999.0 9999.0 9999.0 9999.0
5.733621630348484 2.9876253530186814 9999.0 9999.0 9999.0 9999.0 9999.0 9999.0 3.3541019662496843 9999.0 7.800000000000001 7.459390055493814 6.037383539249432 9.66074531286277 9999.0 9999.0 9999.0 9999.0 9999.0 9999.0 9999.0 9999.0 9999.0 9999.0 9999.0 9999.0 9999.0
4.8357850448505255 5.626873488003795 9999.0 9999.0 9999.0 9999.0 9999.0 9999.0 10.026464980241043 7.800000000000001 9999.0 6.723280449304491 13.829316685939332 1.9209372712298547 9999.0 9999.0 9999.0 9999.0 9999.0 9999.0 9999.0 9999.0 9999.0 9999.0 9999.0 9999.0 9999.0
2.35440374617439 4.68611835637983 9999.0 9999.0 9999.0 9999.0 9999.0 9999.0 10.805207078071202 7.459390055493814 6.723280449304491 9999.0 12.330145984537246 7.386643351347079 9999.0 9999.0 9999.0 9999.0 9999.0 9999.0 9999.0 9999.0 9999.0 9999.0 9999.0 9999.0 9999.0
11.25056518580289 8.730910906085343 9999.0 9999.0 9999.0 9999.0 9999.0 9999.0 4.8373546489791295 6.037383539249432 13.829316685939332 12.330145984537246 9999.0 15.697770542341356 9999.0 9999.0 9999.0 9999.0 9999.0 9999.0 9999.0 9999.0 9999.0 9999.0 9999.0 9999.0 9999.0
5.9555198765515005 7.3011441055494855 9999.0 9999.0 9999.0 9999.0 9999.0 9999.0 11.947384651043926 9.66074531286277 1.9209372712298547 7.386643351347079 15.697770542341356 9999.0 9999.0 9999.0 9999.0 9999.0 9999.0 9999.0 9999.0 9999.0 9999.0 9999.0 9999.0 9999.0 9999.0
9999.0 9999.0 8.06856748438036 7.59034342108445 9.896797777564215 9999.0 9999.0 9999.0 9999.0 9999.0 9999.0 9999.0 9999.0 9999.0 9999.0 19.892963580120487 6.02432568840696 12.764109839702883 7.1780916684032405 8.595929269136642 13.397947604017565 9999.0 9999.0 9999.0 9999.0 9999.0 9999.0
9999.0 9999.0 12.84561720004142 13.03860856264962 10.171573440230375 9999.0 9999.0 9999.0 9999.0 9999.0 9999.0 9999.0 9999.0 9999.0 19.892963580120487 9999.0 16.484310722623498 10.067894516729902 16.966584806613263 14.10319112825179 6.507303589045159 9999.0 9999.0 9999.0 9999.0 9999.0 9999.0
9999.0 9999.0 8.339720094223788 7.74905240981115 8.189508913848254 9999.0 9999.0 9999.0 9999.0 9999.0 9999.0 9999.0 9999.0 9999.0 6.02432568840696 16.484310722623498 9999.0 12.503199590504826 1.4773286702694157 2.8814059068447815 10.52675163571365 9999.0 9999.0 9999.0 9999.0 9999.0 9999.0
9999.0 9999.0 4.724101104972246 5.260428998665413 4.551313683981801 9999.0 9999.0 9999.0 9999.0 9999.0 9999.0 9999.0 9999.0 9999.0 12.764109839702883 10.067894516729902 12.503199590504826 9999.0 13.728892890542921 11.77762709547216 5.558102194094672 9999.0 9999.0 9999.0 9999.0 9999.0 9999.0
9999.0 9999.0 9.71475842468561 9.13022251919415 9.308853648543414 9999.0 9999.0 9999.0 9999.0 9999.0 9999.0 9999.0 9999.0 9999.0 7.1780916684032405 16.966584806613263 1.4773286702694157 13.728892890542921 9999.0 2.885307609250702 11.29690223025764 9999.0 9999.0 9999.0 9999.0 9999.0 9999.0
9999.0 9999.0 8.409600540453749 7.8851387590834445 7.2296615584686945 9999.0 9999.0 9999.0 9999.0 9999.0 9999.0 9999.0 9999.0 9999.0 8.595929269136642 14.10319112825179 2.8814059068447815 11.77762709547216 2.885307609250702 9999.0 8.635102778774552 9999.0 9999.0 9999.0 9999.0 9999.0 9999.0
9999.0 9999.0 6.585926757108675 6.6801244936004 3.7217007201009595 9999.0 9999.0 9999.0 9999.0 9999.0 9999.0 9999.0 9999.0 9999.0 13.397947604017565 6.507303589045159 10.52675163571365 5.558102194094672 11.29690223025764 8.635102778774552 9999.0 9999.0 9999.0 9999.0 9999.0 9999.0 9999.0
9999.0 9999.0 9999.0 9999.0 9999.0 3.1938751541035537 0.9917314404615798 2.382967530202625 9999.0 9999.0 9999.0 9999.0 9999.0 9999.0 9999.0 9999.0 9999.0 9999.0 9999.0 9999.0 9999.0 9999.0 5.654423047491229 9.001249913206498 9.355479677707605 6.046693311223913 14.72752525036029
9999.0 9999.0 9999.0 9999.0 9999.0 2.621314269598363 4.925330572662103 5.54436058080641 9999.0 9999.0 9999.0 9999.0 9999.0 9999.0 9999.0 9999.0 9999.0 9999.0 9999.0 9999.0 9999.0 5.654423047491229 9999.0 10.777058968011634 4.431986010808247 3.8710463701691817 9.525885785584457
9999.0 9999.0 9999.0 9999.0 9999.0 8.98933192734588 8.436073212697954 6.752531691891568 9999.0 9999.0 9999.0 9999.0 9999.0 9999.0 9999.0 9999.0 9999.0 9999.0 9999.0 9999.0 9999.0 9.001249913206498 10.777058968011634 9999.0 10.855067940828375 7.249827584156742 19.72086458550943
9999.0 9999.0 9999.0 9999.0 9999.0 6.1985593890838855 8.429429473576489 8.256432901077801 9999.0 9999.0 9999.0 9999.0 9999.0 9999.0 9999.0 9999.0 9999.0 9999.0 9999.0 9999.0 9999.0 9.355479677707605 4.431986010808247 10.855067940828375 9999.0 4.1487950057818 9.27820025651527
9999.0 9999.0 9999.0 9999.0 9999.0 3.4813917475630345 5.0550500739359645 4.373932355444011 9999.0 9999.0 9999.0 9999.0 9999.0 9999.0 9999.0 9999.0 9999.0 9999.0 9999.0 9999.0 9999.0 6.046693311223913 3.8710463701691817 7.249827584156742 4.1487950057818 9999.0 12.482487732819928
9999.0 9999.0 9999.0 9999.0 9999.0 12.085058481447247 14.218538295127248 15.059476559628493 9999.0 9999.0 9999.0 9999.0 9999.0 9999.0 9999.0 9999.0 9999.0 9999.0 9999.0 9999.0 9999.0 14.72752525036029 9.525885785584457 19.72086458550943 9.27820025651527 12.482487732819928 9999.0
-1 -1 -1 -1 -1 -1 -1 -1 -1 -1 -1 -1 -1 -1 -1 -1 -1 -1 -1 -1 -1 -1 -1 -1 -1 -1 -1 -1 -1 -1 -1 -1 -1 -1 -1 -1 -1 -1 -1 -1 -1 -1 -1 -1 -1 -1 -1 -1 -1 -1 -1 -1 -1 -1 -1 -1 -1 -1 -1 -1 -1 -1 -1 -1 -1 -1 -1 -1 -1 -1 -1 -1 -1 -1 -1 -1 -1 -1 -1 -1 -1 -1 -1 -1 -1 -1 -1 -1 -1 -1 -1 -1 -1 -1 -1 -1 -1 -1 -1 -1
9999.0 9999.0 16.14578351304142 16.512034406759213 18.755595545063347 18.50345001614564 18.10802491300473 16.42445786776538 4.665567168094357 9.605395202697284 5.3767943051599065 8.029926338391903 2.2693428564234184 5.628909041723804 9999.0 9999.0 9999.0 9999.0 9999.0 9999.0 9999.0 9999.0 9999.0 9999.0 9999.0 9999.0 9999.0
9999.0 9999.0 13.770680538738818 14.17981283374361 16.257668052337642 18.2125271516613 18.17044526146787 16.499220663413166 4.272464774576848 11.544804253429332 5.128348198981812 7.554949056744195 3.9599059647925987 3.2285453767912258 9999.0 9999.0 9999.0 9999.0 9999.0 9999.0 9999.0 9999.0 9999.0 9999.0 9999.0 9999.0 9999.0
16.14578351304142 13.770680538738818 9999.0 9999.0 9999.0 15.28827440393454 16.975878607600844 16.01478847815356 9999.0 9999.0 9999.0 9999.0 9999.0 9999.0 9.322512067570628 7.4605550229188715 4.67935692697191 7.807860222237588 7.416241045839867 8.33348554027665 5.479236374715002 9999.0 9999.0 9999.0 9999.0 9999.0 9999.0
16.512034406759213 14.17981283374361 9999.0 9999.0 9999.0 14.95416233862666 16.693340618342393 15.778158970551667 9999.0 9999.0 9999.0 9999.0 9999.0 9999.0 9.358259092908254 6.899725592369598 5.086109834637864 7.367629418612204 7.877859052432964 8.642645037834193 6.017882787991138 9999.0 9999.0 9999.0 9999.0 9999.0 9999.0
18.755595545063347 16.257668052337642 9999.0 9999.0 9999.0 17.66117791230245 19.50171050190213 18.659818648636435 9999.0 9999.0 9999.0 9999.0 9999.0 9999.0 6.3730805934022206 8.6576155060155 3.375441637771271 9.83952266372714 6.199778725890142 6.1359763892961645 7.510256736623588 9999.0 9999.0 9999.0 9999.0 9999.0 9999.0
18.50345001614564 18.2125271516613 15.28827440393454 14.95416233862666 17.66117791230245 9999.0 9999.0 9999.0 9999.0 9999.0 9999.0 9999.0 9999.0 9999.0 9999.0 9999.0 9999.0 9999.0 9999.0 9999.0 9999.0 8.817028325915711 5.704952979648474 3.4789349663366806 5.566820322230636 6.755515413349303 1.851455778569934
18.10802491300473 18.17044526146787 16.975878607600844 16.693340618342393 19.50171050190213 9999.0 9999.0 9999.0 9999.0 9999.0 9999.0 9999.0 9999.0 9999.0 9999.0 9999.0 9999.0 9999.0 9999.0 9999.0 9999.0 6.639855514241256 4.830634663271484 4.145736514782385 6.392275123146687 5.0862000796272255 4.1107458264893975
16.42445786776538 16.499220663413166 16.01478847815356 15.778158970551667 18.659818648636435 9999.0 9999.0 9999.0 9999.0 9999.0 9999.0 9999.0 9999.0 9999.0 9999.0 9999.0 9999.0 9999.0 9999.0 9999.0 9999.0 5.976741106154758 3.1564195301005222 2.982244834013465 5.1044523947236495 3.771297422638527 4.26084313839409
4.665567168094357 4.272464774576848 9999.0 9999.0 9999.0 9999.0 9999.0 9999.0 9999.0 8.707755164219995 9.257564474525685 3.420526275297414 6.901630242196405 7.051595564125895 9999.0 9999.0 9999.0 9999.0 9999.0 9999.0 9999.0 9999.0 9999.0 9999.0 9999.0 9999.0 9999.0
9.605395202697284 11.544804253429332 9999.0 9999.0 9999.0 9999.0 9999.0 9999.0 8.707755164219995 9999.0 14.792312192487014 8.790051194390168 11.125308984473195 14.773286702694158 9999.0 9999.0 9999.0 9999.0 9999.0 9999.0 9999.0 9999.0 9999.0 9999.0 9999.0 9999.0 9999.0
5.3767943051599065 5.128348198981812 9999.0 9999.0 9999.0 9999.0 9999.0 9999.0 9.257564474525685 14.792312192487014 9999.0 12.63299251958933 3.7107950630558943 4.512482686947397 9999.0 9999.0 9999.0 9999.0 9999.0 9999.0 9999.0 9999.0 9999.0 9999.0 9999.0 9999.0 9999.0
8.029926338391903 7.554949056744195 9999.0 9999.0 9999.0 9999.0 9999.0 9999.0 3.420526275297414 8.790051194390168 12.63299251958933 9999.0 10.28895038378551 9.943088051505931 9999.0 9999.0 9999.0 9999.0 9999.0 9999.0 9999.0 9999.0 9999.0 9999.0 9999.0 9999.0 9999.0
2.2693428564234184 3.9599059647925987 9999.0 9999.0 9999.0 9999.0 9999.0 9999.0 6.901630242196405 11.125308984473195 3.7107950630558943 10.28895038378551 9999.0 5.772564421468157 9999.0 9999.0 9999.0 9999.0 9999.0 9999.0 9999.0 9999.0 9999.0 9999.0 9999.0 9999.0 9999.0
5.628909041723804 3.2285453767912258 9999.0 9999.0 9999.0 9999.0 9999.0 9999.0 7.051595564125895 14.773286702694158 4.512482686947397 9.943088051505931 5.772564421468157 9999.0 9999.0 9999.0 9999.0 9999.0 9999.0 9999.0 9999.0 9999.0 9999.0 9999.0 9999.0 9999.0 9999.0
9999.0 9999.0 9.322512067570628 9.358259092908254 6.3730805934022206 9999.0 9999.0 9999.0 9999.0 9999.0 9999.0 9999.0 9999.0 9999.0 9999.0 13.846389421072919 6.38690065681313 15.69346997958068 6.985878613317011 4.3603325561245905 12.660568707605517 9999.0 9999.0 9999.0 9999.0 9999.0 9999.0
9999.0 9999.0 7.4605550229188715 6.899725592369598 8.6576155060155 9999.0 9999.0 9999.0 9999.0 9999.0 9999.0 9999.0 9999.0 9999.0 13.846389421072919 9999.0 11.734564329364767 2.91247317584214 14.612494653549064 14.7763324272297 11.944559430971072 9999.0 9999.0 9999.0 9999.0 9999.0 9999.0
9999.0 9999.0 4.67935692697191 5.086109834637864 3.375441637771271 9999.0 9999.0 9999.0 9999.0 9999.0 9999.0 9999.0 9999.0 9999.0 6.38690065681313 11.734564329364767 9999.0 12.453613933312692 2.885307609250702 3.8418745424597094 6.308922253443927 9999.0 9999.0 9999.0 9999.0 9999.0 9999.0
9999.0 9999.0 7.807860222237588 7.367629418612204 9.83952266372714 9999.0 9999.0 9999.0 9999.0 9999.0 9999.0 9999.0 9999.0 9999.0 15.69346997958068 2.91247317584214 12.453613933312692 9999.0 15.224076326661004 15.906366649866964 11.114180131705622 9999.0 9999.0 9999.0 9999.0 9999.0 9999.0
9999.0 9999.0 7.416241045839867 7.877859052432964 6.199778725890142 9999.0 9999.0 9999.0 9999.0 9999.0 9999.0 9999.0 9999.0 9999.0 6.985878613317011 14.612494653549064 2.885307609250702 15.224076326661004 9999.0 2.853944638566067 7.337744885181006 9999.0 9999.0 9999.0 9999.0 9999.0 9999.0
9999.0 9999.0 8.33348554027665 8.642645037834193 6.1359763892961645 9999.0 9999.0 9999.0 9999.0 9999.0 9999.0 9999.0 9999.0 9999.0 4.3603325561245905 14.7763324272297 3.8418745424597094 15.906366649866964 2.853944638566067 9999.0 9.75 9999.0 9999.0 9999.0 9999.0 9999.0 9999.0
9999.0 9999.0 5.479236374715002 6.017882787991138 7.510256736623588 9999.0 9999.0 9999.0 9999.0 9999.0 9999.0 9999.0 9999.0 9999.0 12.660568707605517 11.944559430971072 6.308922253443927 11.114180131705622 7.337744885181006 9.75 9999.0 9999.0 9999.0 9999.0 9999.0 9999.0 9999.0
9999.0 9999.0 9999.0 9999.0 9999.0 8.817028325915711 6.639855514241256 5.976741106154758 9999.0 9999.0 9999.0 9999.0 9999.0 9999.0 9999.0 9999.0 9999.0 9999.0 9999.0 9999.0 9999.0 9999.0 5.51951084789223 8.25136352368504 9.604686356149273 3.181980515339464 10.237431318450932
9999.0 9999.0 9999.0 9999.0 9999.0 5.704952979648474 4.830634663271484 3.1564195301005222 9999.0 9999.0 9999.0 9999.0 9999.0 9999.0 9999.0 9999.0 9999.0 9999.0 9999.0 9999.0 9999.0 5.51951084789223 9999.0 3.3 4.118859065323794 2.3430749027719964 6.26418390534633
9999.0 9999.0 9999.0 9999.0 9999.0 3.4789349663366806 4.145736514782385 2.982244834013465 9999.0 9999.0 9999.0 9999.0 9999.0 9999.0 9999.0 9999.0 9999.0 9999.0 9999.0 9999.0 9999.0 8.25136352368504 3.3 9999.0 2.2549944567559366 5.316013544000805 3.2449961479175906
9999.0 9999.0 9999.0 9999.0 9999.0 5.566820322230636 6.392275123146687 5.1044523947236495 9999.0 9999.0 9999.0 9999.0 9999.0 9999.0 9999.0 9999.0 9999.0 9999.0 9999.0 9999.0 9999.0 9.604686356149273 4.118859065323794 2.2549944567559366 9999.0 6.45174395028197 4.785916840063145
9999.0 9999.0 9999.0 9999.0 9999.0 6.755515413349303 5.0862000796272255 3.771297422638527 9999.0 9999.0 9999.0 9999.0 9999.0 9999.0 9999.0 9999.0 9999.0 9999.0 9999.0 9999.0 9999.0 3.181980515339464 2.3430749027719964 5.316013544000805 6.45174395028197 9999.0 7.805767098754612
9999.0 9999.0 9999.0 9999.0 9999.0 1.851455778569934 4.1107458264893975 4.26084313839409 9999.0 9999.0 9999.0 9999.0 9999.0 9999.0 9999.0 9999.0 9999.0 9999.0 9999.0 9999.0 9999.0 10.237431318450932 6.26418390534633 3.2449961479175906 4.785916840063145 7.805767098754612 9999.0
-1 -1 -1 -1 -1 -1 -1 -1 -1 -1 -1 -1 -1 -1 -1 -1 -1 -1 -1 -1 -1 -1 -1 -1 -1 -1 -1 -1 -1 -1 -1 -1 -1 -1 -1 -1 -1 -1 -1 -1 -1 -1 -1 -1 -1 -1 -1 -1 -1 -1 -1 -1 -1 -1 -1 -1 -1 -1 -1 -1 -1 -1 -1 -1 -1 -1 -1 -1 -1 -1 -1 -1 -1 -1 -1 -1 -1 -1 -1 -1 -1 -1 -1 -1 -1 -1 -1 -1 -1 -1 -1 -1 -1 -1 -1 -1 -1 -1 -1 -1
9999.0 9999.0 16.14578351304142 16.512034406759213 18.755595545063347 18.50345001614564 18.10802491300473 16.42445786776538 8.278756971913115 6.2542719000695834 6.590046813187293 11.20158100448325 7.8966775925068635 2.776601699920246 8.58299580566133 9999.0 9999.0 9999.0 9999.0 9999.0 9999.0 9999.0 9999.0 9999.0 9999.0 9999.0 9999.0 9999.0 9999.0 9999.0
9999.0 9999.0 13.770680538738818 14.17981283374361 16.257668052337642 18.2125271516613 18.17044526146787 16.499220663413166 7.154900785475645 4.910769313457923 3.8833690592061934 9.050541710306627 6.007433332963422 0.09568307060290236 5.842662513785989 9999.0 9999.0 9999.0 9999.0 9999.0 9999.0 9999.0 9999.0 9999.0 9999.0 9999.0 9999.0 9999.0 9999.0 9999.0
16.14578351304142 13.770680538738818 9999.0 9999.0 9999.0 15.28827440393454 16.975878607600844 16.01478847815356 9999.0 9999.0 9999.0 9999.0 9999.0 9999.0 9999.0 6.09364269136286 4.888740251844027 10.478605882940727 6.1736116860392185 5.583290360531144 4.416353841122788 6.938099974056299 4.5894913933899035 9999.0 9999.0 9999.0 9999.0 9999.0 9999.0 9999.0
16.512034406759213 14.17981283374361 9999.0 9999.0 9999.0 14.95416233862666 16.693340618342393 15.778158970551667 9999.0 9999.0 9999.0 9999.0 9999.0 9999.0 9999.0 5.851022410656107 4.610961206733363 10.769406355505394 6.591286919107679 5.7005756946119055 4.219272834268957 6.941438125489559 3.9972444571229313 9999.0 9999.0 9999.0 9999.0 9999.0 9999.0 9999.0
18.755595545063347 16.257668052337642 9999.0 9999.0 9999.0 17.66117791230245 19.50171050190213 18.659818648636435 9999.0 9999.0 9999.0 9999.0 9999.0 9999.0 9999.0 8.764394231776661 7.500633723226326 8.15313474989835 4.7342587857023615 8.564937609229855 1.805133305326784 3.963641791332814 5.50449418657155 9999.0 9999.0 9999.0 9999.0 9999.0 9999.0 9999.0
18.50345001614564 18.2125271516613 15.28827440393454 14.95416233862666 17.66117791230245 9999.0 9999.0 9999.0 9999.0 9999.0 9999.0 9999.0 9999.0 9999.0 9999.0 9999.0 9999.0 9999.0 9999.0 9999.0 9999.0 9999.0 9999.0 10.960362151863412 7.029337699954386 0.6157422350302113 2.4874260793036647 12.14382305948172 6.682513636349723 4.292754185834545
18.10802491300473 18.17044526146787 16.975878607600844 16.693340618342393 19.50171050190213 9999.0 9999.0 9999.0 9999.0 9999.0 9999.0 9999.0 9999.0 9999.0 9999.0 9999.0 9999.0 9999.0 9999.0 9999.0 9999.0 9999.0 9999.0 9.300619939014819 9.11925058598567 2.6966333176759494 4.736515728887639 14.229800815542008 4.4012988139866165 6.42713242822956
16.42445786776538 16.499220663413166 16.01478847815356 15.778158970551667 18.659818648636435 9999.0 9999.0 9999.0 9999.0 9999.0 9999.0 9999.0 9999.0 9999.0 9999.0 9999.0 9999.0 9999.0 9999.0 9999.0 9999.0 9999.0 9999.0 7.994225056251544 10.01910097014697 2.988199165049077 4.7994827065007755 15.129654135174405 4.088481900412425 7.281877110333571
8.278756971913115 7.154900785475645 9999.0 9999.0 9999.0 9999.0 9999.0 9999.0 9999.0 2.25 8.119421161634616 14.030413393767127 12.000937463381767 7.2405110316883015 7.404897028318491 9999.0 9999.0 9999.0 9999.0 9999.0 9999.0 9999.0 9999.0 9999.0 9999.0 9999.0 9999.0 9999.0 9999.0 9999.0
6.2542719000695834 4.910769313457923 9999.0 9999.0 9999.0 9999.0 9999.0 9999.0 2.25 9999.0 6.157312725532138 12.150925890647182 9.895453501482384 4.995247741604014 5.988739433303139 9999.0 9999.0 9999.0 9999.0 9999.0 9999.0 9999.0 9999.0 9999.0 9999.0 9999.0 9999.0 9999.0 9999.0 9999.0
6.590046813187293 3.8833690592061934 9999.0 9999.0 9999.0 9999.0 9999.0 9999.0 8.119421161634616 6.157312725532138 9999.0 6.0018747071227665 4.0388736053508785 3.8418745424597094 2.619637379485947 9999.0 9999.0 9999.0 9999.0 9999.0 9999.0 9999.0 9999.0 9999.0 9999.0 9999.0 9999.0 9999.0 9999.0 9999.0
11.20158100448325 9.050541710306627 9999.0 9999.0 9999.0 9999.0 9999.0 9999.0 14.030413393767127 12.150925890647182 6.0018747071227665 9999.0 3.40073521462639 8.971203932583407 7.022819946431775 9999.0 9999.0 9999.0 9999.0 9999.0 9999.0 9999.0 9999.0 9999.0 9999.0 9999.0 9999.0 9999.0 9999.0 9999.0
7.8966775925068635 6.007433332963422 9999.0 9999.0 9999.0 9999.0 9999.0 9999.0 12.000937463381767 9.895453501482384 4.0388736053508785 3.40073521462639 9999.0 5.918825897084657 6.16644143732834 9999.0 9999.0 9999.0 9999.0 9999.0 9999.0 9999.0 9999.0 9999.0 9999.0 9999.0 9999.0 9999.0 9999.0 9999.0
2.776601699920246 0.09568307060290236 9999.0 9999.0 9999.0 9999.0 9999.0 9999.0 7.2405110316883015 4.995247741604014 3.8418745424597094 8.971203932583407 5.918825897084657 9999.0 5.834595101633017 9999.0 9999.0 9999.0 9999.0 9999.0 9999.0 9999.0 9999.0 9999.0 9999.0 9999.0 9999.0 9999.0 9999.0 9999.0
8.58299580566133 5.842662513785989 9999.0 9999.0 9999.0 9999.0 9999.0 9999.0 7.404897028318491 5.988739433303139 2.619637379485947 7.022819946431775 6.16644143732834 5.834595101633017 9999.0 9999.0 9999.0 9999.0 9999.0 9999.0 9999.0 9999.0 9999.0 9999.0 9999.0 9999.0 9999.0 9999.0 9999.0 9999.0
9999.0 9999.0 6.09364269136286 5.851022410656107 8.764394231776661 9999.0 9999.0 9999.0 9999.0 9999.0 9999.0 9999.0 9999.0 9999.0 9999.0 9999.0 1.2727922061357857 16.571436268471118 12.149074038789951 3.5401271163617833 9.567131231461184 12.62586630691138 5.275651618520692 9999.0 9999.0 9999.0 9999.0 9999.0 9999.0 9999.0
9999.0 9999.0 4.888740251844027 4.610961206733363 7.500633723226326 9999.0 9999.0 9999.0 9999.0 9999.0 9999.0 9999.0 9999.0 9999.0 9999.0 1.2727922061357857 9999.0 15.362372863591093 11.006361796706486 3.578058132562969 8.2975900115636 11.353523682099757 4.224038352098617 9999.0 9999.0 9999.0 9999.0 9999.0 9999.0 9999.0
9999.0 9999.0 10.478605882940727 10.769406355505394 8.15313474989835 9999.0 9999.0 9999.0 9999.0 9999.0 9999.0 9999.0 9999.0 9999.0 9999.0 16.571436268471118 15.362372863591093 9999.0 4.774149138851865 15.345520519030952 8.412044935685971 5.64845111512882 13.591357548089155 9999.0 9999.0 9999.0 9999.0 9999.0 9999.0 9999.0
9999.0 9999.0 6.1736116860392185 6.591286919107679 4.7342587857023615 9999.0 9999.0 9999.0 9999.0 9999.0 9999.0 9999.0 9999.0 9999.0 9999.0 12.149074038789951 11.006361796706486 4.774149138851865 9999.0 10.620381349085351 5.9169248769948055 5.031152949374527 10.090218035305284 9999.0 9999.0 9999.0 9999.0 9999.0 9999.0 9999.0
9999.0 9999.0 5.583290360531144 5.7005756946119055 8.564937609229855 9999.0 9999.0 9999.0 9999.0 9999.0 9999.0 9999.0 9999.0 9999.0 9999.0 3.5401271163617833 3.578058132562969 15.345520519030952 10.620381349085351 9999.0 9.919299370419264 12.503199590504826 7.354590403278757 9999.0 9999.0 9999.0 9999.0 9999.0 9999.0 9999.0
9999.0 9999.0 4.416353841122788 4.219272834268957 1.805133305326784 9999.0 9999.0 9999.0 9999.0 9999.0 9999.0 9999.0 9999.0 9999.0 9999.0 9.567131231461184 8.2975900115636 8.412044935685971 5.9169248769948055 9.919299370419264 9999.0 3.220636583037584 5.377034498680477 9999.0 9999.0 9999.0 9999.0 9999.0 9999.0 9999.0
9999.0 9999.0 6.938099974056299 6.941438125489559 3.963641791332814 9999.0 9999.0 9999.0 9999.0 9999.0 9999.0 9999.0 9999.0 9999.0 9999.0 12.62586630691138 11.353523682099757 5.64845111512882 5.031152949374527 12.503199590504826 3.220636583037584 9999.0 8.590692637965812 9999.0 9999.0 9999.0 9999.0 9999.0 9999.0 9999.0
9999.0 9999.0 4.5894913933899035 3.9972444571229313 5.50449418657155 9999.0 9999.0 9999.0 9999.0 9999.0 9999.0 9999.0 9999.0 9999.0 9999.0 5.275651618520692 4.224038352098617 13.591357548089155 10.090218035305284 7.354590403278757 5.377034498680477 8.590692637965812 9999.0 9999.0 9999.0 9999.0 9999.0 9999.0 9999.0 9999.0
9999.0 9999.0 9999.0 9999.0 9999.0 10.960362151863412 9.300619939014819 7.994225056251544 9999.0 9999.0 9999.0 9999.0 9999.0 9999.0 9999.0 9999.0 9999.0 9999.0 9999.0 9999.0 9999.0 9999.0 9999.0 9999.0 17.93550947143682 10.84158659975559 12.242242441644423 23.00630348404541 6.068978497243172 15.208550226763892
9999.0 9999.0 9999.0 9999.0 9999.0 7.029337699954386 9.11925058598567 10.01910097014697 9999.0 9999.0 9999.0 9999.0 9999.0 9999.0 9999.0 9999.0 9999.0 9999.0 9999.0 9999.0 9999.0 9999.0 9999.0 17.93550947143682 9999.0 7.0945401542312805 5.973692325521963 5.119814449762803 13.50333292191228 2.7372431386341987
9999.0 9999.0 9999.0 9999.0 9999.0 0.6157422350302113 2.6966333176759494 2.988199165049077 9999.0 9999.0 9999.0 9999.0 9999.0 9999.0 9999.0 9999.0 9999.0 9999.0 9999.0 9999.0 9999.0 9999.0 9999.0 10.84158659975559 7.0945401542312805 9999.0 2.040220576310316 12.182364302548173 6.882041848172677 4.368065933568311
9999.0 9999.0 9999.0 9999.0 9999.0 2.4874260793036647 4.736515728887639 4.7994827065007755 9999.0 9999.0 9999.0 9999.0 9999.0 9999.0 9999.0 9999.0 9999.0 9999.0 9999.0 9999.0 9999.0 9999.0 9999.0 12.242242441644423 5.973692325521963 2.040220576310316 9999.0 10.863355835099943 8.830911617721014 3.501785258978626
9999.0 9999.0 9999.0 9999.0 9999.0 12.14382305948172 14.229800815542008 15.129654135174405 9999.0 9999.0 9999.0 9999.0 9999.0 9999.0 9999.0 9999.0 9999.0 9999.0 9999.0 9999.0 9999.0 9999.0 9999.0 23.00630348404541 5.119814449762803 12.182364302548173 10.863355835099943 9999.0 18.600604828875863 7.85175139698144
9999.0 9999.0 9999.0 9999.0 9999.0 6.682513636349723 4.4012988139866165 4.088481900412425 9999.0 9999.0 9999.0 9999.0 9999.0 9999.0 9999.0 9999.0 9999.0 9999.0 9999.0 9999.0 9999.0 9999.0 9999.0 6.068978497243172 13.50333292191228 6.882041848172677 8.830911617721014 18.600604828875863 9999.0 10.826010345459679
9999.0 9999.0 9999.0 9999.0 9999.0 4.292754185834545 6.42713242822956 7.281877110333571 9999.0 9999.0 9999.0 9999.0 9999.0 9999.0 9999.0 9999.0 9999.0 9999.0 9999.0 9999.0 9999.0 9999.0 9999.0 15.208550226763892 2.7372431386341987 4.368065933568311 3.501785258978626 7.85175139698144 10.826010345459679 9999.0
-1 -1 -1 -1 -1 -1 -1 -1 -1 -1 -1 -1 -1 -1 -1 -1 -1 -1 -1 -1 -1 -1 -1 -1 -1 -1 -1 -1 -1 -1 -1 -1 -1 -1 -1 -1 -1 -1 -1 -1 -1 -1 -1 -1 -1 -1 -1 -1 -1 -1 -1 -1 -1 -1 -1 -1 -1 -1 -1 -1 -1 -1 -1 -1 -1 -1 -1 -1 -1 -1 -1 -1 -1 -1 -1 -1 -1 -1 -1 -1 -1 -1 -1 -1 -1 -1 -1 -1 -1 -1 -1 -1 -1 -1 -1 -1 -1 -1 -1 -1
