9999.0 9999.0 16.237743600944068 15.996163868252914 18.8726412102281 18.95982009408317 16.837204139939622 16.02345819416021 10.399833508282718 5.107224001353377 6.362824608615265 9999.0 9999.0 9999.0 9999.0 9999.0 9999.0
9999.0 9999.0 14.036996874331773 13.738035121515741 16.526924101296043 16.55178451104291 14.523326969052237 13.578765555086367 9.473027419996209 2.360614009108647 4.854549258170113 9999.0 9999.0 9999.0 9999.0 9999.0 9999.0
16.237743600944068 14.036996874331773 9999.0 9999.0 9999.0 18.00092703862776 17.581889616875657 15.900198748757825 9999.0 9999.0 9999.0 0.27642765780579914 3.2321992899572267 16.905230322299666 9999.0 9999.0 9999.0
15.996163868252914 13.738035121515741 9999.0 9999.0 9999.0 17.405772102954813 16.989273152492427 15.307344413712 9999.0 9999.0 9999.0 0.32006639936113257 3.485016857921924 16.77155158296334 9999.0 9999.0 9999.0
18.8726412102281 16.526924101296043 9999.0 9999.0 9999.0 17.86399046265979 17.837096470558205 16.169076388278956 9999.0 9999.0 9999.0 2.9531724043814305 6.16332112176544 13.96093933981521 9999.0 9999.0 9999.0
18.95982009408317 16.55178451104291 18.00092703862776 17.405772102954813 17.86399046265979 9999.0 9999.0 9999.0 9999.0 9999.0 9999.0 9999.0 9999.0 9999.0 6.625101131303582 3.5820615572600087 3.6094687974825326
16.837204139939622 14.523326969052237 17.581889616875657 16.989273152492427 17.837096470558205 9999.0 9999.0 9999.0 9999.0 9999.0 9999.0 9999.0 9999.0 9999.0 4.35574095304117 3.161056666685999 1.8314828009020452
16.02345819416021 13.578765555086367 15.900198748757825 15.307344413712 16.169076388278956 9999.0 9999.0 9999.0 9999.0 9999.0 9999.0 9999.0 9999.0 9999.0 5.054689753090688 1.5906409085648465 0.759103747850055
10.399833508282718 9.473027419996209 9999.0 9999.0 9999.0 9999.0 9999.0 9999.0 9999.0 9.001249913206498 13.819551367537226 9999.0 9999.0 9999.0 9999.0 9999.0 9999.0
5.107224001353377 2.360614009108647 9999.0 9999.0 9999.0 9999.0 9999.0 9999.0 9.001249913206498 9999.0 4.8674942218763855 9999.0 9999.0 9999.0 9999.0 9999.0 9999.0
6.362824608615265 4.854549258170113 9999.0 9999.0 9999.0 9999.0 9999.0 9999.0 13.819551367537226 4.8674942218763855 9999.0 9999.0 9999.0 9999.0 9999.0 9999.0 9999.0
9999.0 9999.0 0.27642765780579914 0.32006639936113257 2.9531724043814305 9999.0 9999.0 9999.0 9999.0 9999.0 9999.0 9999.0 3.3541019662496843 16.824089871371942 9999.0 9999.0 9999.0
9999.0 9999.0 3.2321992899572267 3.485016857921924 6.16332112176544 9999.0 9999.0 9999.0 9999.0 9999.0 9999.0 3.3541019662496843 9999.0 20.120139164528656 9999.0 9999.0 9999.0
9999.0 9999.0 16.905230322299666 16.77155158296334 13.96093933981521 9999.0 9999.0 9999.0 9999.0 9999.0 9999.0 16.824089871371942 20.120139164528656 9999.0 9999.0 9999.0 9999.0
9999.0 9999.0 9999.0 9999.0 9999.0 6.625101131303582 4.35574095304117 5.054689753090688 9999.0 9999.0 9999.0 9999.0 9999.0 9999.0 9999.0 6.519394143630219 4.431986010808247
9999.0 9999.0 9999.0 9999.0 9999.0 3.5820615572600087 3.161056666685999 1.5906409085648465 9999.0 9999.0 9999.0 9999.0 9999.0 9999.0 6.519394143630219 9999.0 2.089258241577618
9999.0 9999.0 9999.0 9999.0 9999.0 3.6094687974825326 1.8314828009020452 0.759103747850055 9999.0 9999.0 9999.0 9999.0 9999.0 9999.0 4.431986010808247 2.089258241577618 9999.0
-1 -1 -1 -1 -1 -1 -1 -1 -1 -1 -1 -1 -1 -1 -1 -1 -1 -1 -1 -1 -1 -1 -1 -1 -1 -1 -1 -1 -1 -1 -1 -1 -1 -1 -1 -1 -1 -1 -1 -1 -1 -1 -1 -1 -1 -1 -1 -1 -1 -1 -1 -1 -1 -1 -1 -1 -1 -1 -1 -1 -1 -1 -1 -1 -1 -1 -1 -1 -1 -1 -1 -1 -1 -1 -1 -1 -1 -1 -1 -1 -1 -1 -1 -1 -1 -1 -1 -1 -1 -1 -1 -1 -1 -1 -1 -1 -1 -1 -1 -1
9999.0 9999.0 16.237743600944068 15.996163868252914 18.8726412102281 18.95982009408317 16.837204139939622 16.02345819416021 11.500605940558088 4.609656928666167 8.377842025247313 9999.0 9999.0 9999.0 9999.0 9999.0 9999.0
9999.0 9999.0 14.036996874331773 13.738035121515741 16.526924101296043 16.55178451104291 14.523326969052237 13.578765555086367 11.11165597469612 3.7277538142962174 6.440061995043216 9999.0 9999.0 9999.0 9999.0 9999.0 9999.0
16.237743600944068 14.036996874331773 9999.0 9999.0 9999.0 18.00092703862776 17.581889616875657 15.900198748757825 9999.0 9999.0 9999.0 7.3918138673805895 4.603890990238583 8.8490543138801 9999.0 9999.0 9999.0
15.996163868252914 13.738035121515741 9999.0 9999.0 9999.0 17.405772102954813 16.989273152492427 15.307344413712 9999.0 9999.0 9999.0 7.1043220999614025 5.12954603254518 9.289049601546974 9999.0 9999.0 9999.0
18.8726412102281 16.526924101296043 9999.0 9999.0 9999.0 17.86399046265979 17.837096470558205 16.169076388278956 9999.0 9999.0 9999.0 4.868904111809967 4.337490893362198 11.275521152035502 9999.0 9999.0 9999.0
18.95982009408317 16.55178451104291 18.00092703862776 17.405772102954813 17.86399046265979 9999.0 9999.0 9999.0 9999.0 9999.0 9999.0 9999.0 9999.0 9999.0 5.004684305727984 5.475131505269988 7.881660040879713
16.837204139939622 14.523326969052237 17.581889616875657 16.989273152492427 17.837096470558205 9999.0 9999.0 9999.0 9999.0 9999.0 9999.0 9999.0 9999.0 9999.0 7.105380302981677 7.756379906244923 9.974742064334295
16.02345819416021 13.578765555086367 15.900198748757825 15.307344413712 16.169076388278956 9999.0 9999.0 9999.0 9999.0 9999.0 9999.0 9999.0 9999.0 9999.0 6.7792542731483385 7.714099979906923 9.539446446204307
11.500605940558088 11.11165597469612 9999.0 9999.0 9999.0 9999.0 9999.0 9999.0 9999.0 7.386643351347079 6.948740893140281 9999.0 9999.0 9999.0 9999.0 9999.0 9999.0
4.609656928666167 3.7277538142962174 9999.0 9999.0 9999.0 9999.0 9999.0 9999.0 7.386643351347079 9999.0 4.137934267240116 9999.0 9999.0 9999.0 9999.0 9999.0 9999.0
8.377842025247313 6.440061995043216 9999.0 9999.0 9999.0 9999.0 9999.0 9999.0 6.948740893140281 4.137934267240116 9999.0 9999.0 9999.0 9999.0 9999.0 9999.0 9999.0
9999.0 9999.0 7.3918138673805895 7.1043220999614025 4.868904111809967 9999.0 9999.0 9999.0 9999.0 9999.0 9999.0 9999.0 8.788771245174152 16.094797296020847 9999.0 9999.0 9999.0
9999.0 9999.0 4.603890990238583 5.12954603254518 4.337490893362198 9999.0 9999.0 9999.0 9999.0 9999.0 9999.0 8.788771245174152 9999.0 8.728401915585692 9999.0 9999.0 9999.0
9999.0 9999.0 8.8490543138801 9.289049601546974 11.275521152035502 9999.0 9999.0 9999.0 9999.0 9999.0 9999.0 16.094797296020847 8.728401915585692 9999.0 9999.0 9999.0 9999.0
9999.0 9999.0 9999.0 9999.0 9999.0 5.004684305727984 7.105380302981677 6.7792542731483385 9999.0 9999.0 9999.0 9999.0 9999.0 9999.0 9999.0 1.4773286702694157 2.8814059068447815
9999.0 9999.0 9999.0 9999.0 9999.0 5.475131505269988 7.756379906244923 7.714099979906923 9999.0 9999.0 9999.0 9999.0 9999.0 9999.0 1.4773286702694157 9999.0 2.885307609250702
9999.0 9999.0 9999.0 9999.0 9999.0 7.881660040879713 9.974742064334295 9.539446446204307 9999.0 9999.0 9999.0 9999.0 9999.0 9999.0 2.8814059068447815 2.885307609250702 9999.0
-1 -1 -1 -1 -1 -1 -1 -1 -1 -1 -1 -1 -1 -1 -1 -1 -1 -1 -1 -1 -1 -1 -1 -1 -1 -1 -1 -1 -1 -1 -1 -1 -1 -1 -1 -1 -1 -1 -1 -1 -1 -1 -1 -1 -1 -1 -1 -1 -1 -1 -1 -1 -1 -1 -1 -1 -1 -1 -1 -1 -1 -1 -1 -1 -1 -1 -1 -1 -1 -1 -1 -1 -1 -1 -1 -1 -1 -1 -1 -1 -1 -1 -1 -1 -1 -1 -1 -1 -1 -1 -1 -1 -1 -1 -1 -1 -1 -1 -1 -1
9999.0 9999.0 16.237743600944068 15.996163868252914 18.8726412102281 18.95982009408317 16.837204139939622 16.02345819416021 2.4511909350354575 7.518273538519332 5.5003124456706995 9999.0 9999.0 9999.0 9999.0 9999.0 9999.0 9999.0 9999.0 9999.0
9999.0 9999.0 14.036996874331773 13.738035121515741 16.526924101296043 16.55178451104291 14.523326969052237 13.578765555086367 4.674002406931344 4.891809327845884 6.276790461692983 9999.0 9999.0 9999.0 9999.0 9999.0 9999.0 9999.0 9999.0 9999.0
16.237743600944068 14.036996874331773 9999.0 9999.0 9999.0 18.00092703862776 17.581889616875657 15.900198748757825 9999.0 9999.0 9999.0 12.924618456650856 15.538809872380831 9.180534420718654 9.30272875289826 9.757584857432704 9999.0 9999.0 9999.0 9999.0
15.996163868252914 13.738035121515741 9999.0 9999.0 9999.0 17.405772102954813 16.989273152492427 15.307344413712 9999.0 9999.0 9999.0 12.601172266896443 15.252022570793683 8.87340084184187 9.169642441229646 10.014826134287105 9999.0 9999.0 9999.0 9999.0
18.8726412102281 16.526924101296043 9999.0 9999.0 9999.0 17.86399046265979 17.837096470558205 16.169076388278956 9999.0 9999.0 9999.0 10.401556482084784 12.87755905635847 6.66704036660946 6.375529566239968 12.622150262534511 9999.0 9999.0 9999.0 9999.0
18.95982009408317 16.55178451104291 18.00092703862776 17.405772102954813 17.86399046265979 9999.0 9999.0 9999.0 9999.0 9999.0 9999.0 9999.0 9999.0 9999.0 9999.0 9999.0 3.1571133967597684 7.6835060356584615 6.459052949155936 4.366092646749494
16.837204139939622 14.523326969052237 17.581889616875657 16.989273152492427 17.837096470558205 9999.0 9999.0 9999.0 9999.0 9999.0 9999.0 9999.0 9999.0 9999.0 9999.0 9999.0 4.228567044519928 5.492051460975215 7.451877565419335 3.677849813410004
16.02345819416021 13.578765555086367 15.900198748757825 15.307344413712 16.169076388278956 9999.0 9999.0 9999.0 9999.0 9999.0 9999.0 9999.0 9999.0 9999.0 9999.0 9999.0 3.3099756041397046 4.883255932264865 8.957914852241005 2.0029948826694493
2.4511909350354575 4.674002406931344 9999.0 9999.0 9999.0 9999.0 9999.0 9999.0 9999.0 8.790051194390168 7.532927717693832 9999.0 9999.0 9999.0 9999.0 9999.0 9999.0 9999.0 9999.0 9999.0
7.518273538519332 4.891809327845884 9999.0 9999.0 9999.0 9999.0 9999.0 9999.0 8.790051194390168 9999.0 10.534229919647663 9999.0 9999.0 9999.0 9999.0 9999.0 9999.0 9999.0 9999.0 9999.0
5.5003124456706995 6.276790461692983 9999.0 9999.0 9999.0 9999.0 9999.0 9999.0 7.532927717693832 10.534229919647663 9999.0 9999.0 9999.0 9999.0 9999.0 9999.0 9999.0 9999.0 9999.0 9999.0
9999.0 9999.0 12.924618456650856 12.601172266896443 10.401556482084784 9999.0 9999.0 9999.0 9999.0 9999.0 9999.0 9999.0 2.81824413420839 3.7529988009590416 5.161395160225576 22.59778750231978 9999.0 9999.0 9999.0 9999.0
9999.0 9999.0 15.538809872380831 15.252022570793683 12.87755905635847 9999.0 9999.0 9999.0 9999.0 9999.0 9999.0 2.81824413420839 9999.0 6.38690065681313 6.985878613317011 25.266430297926927 9999.0 9999.0 9999.0 9999.0
9999.0 9999.0 9.180534420718654 8.87340084184187 6.66704036660946 9999.0 9999.0 9999.0 9999.0 9999.0 9999.0 3.7529988009590416 6.38690065681313 9999.0 2.885307609250702 18.884517468021258 9999.0 9999.0 9999.0 9999.0
9999.0 9999.0 9.30272875289826 9.169642441229646 6.375529566239968 9999.0 9999.0 9999.0 9999.0 9999.0 9999.0 5.161395160225576 6.985878613317011 2.885307609250702 9999.0 18.99736823878508 9999.0 9999.0 9999.0 9999.0
9999.0 9999.0 9.757584857432704 10.014826134287105 12.622150262534511 9999.0 9999.0 9999.0 9999.0 9999.0 9999.0 22.59778750231978 25.266430297926927 18.884517468021258 18.99736823878508 9999.0 9999.0 9999.0 9999.0 9999.0
9999.0 9999.0 9999.0 9999.0 9999.0 3.1571133967597684 4.228567044519928 3.3099756041397046 9999.0 9999.0 9999.0 9999.0 9999.0 9999.0 9999.0 9999.0 9999.0 7.853184067625055 9.41541289588513 2.91247317584214
9999.0 9999.0 9999.0 9999.0 9999.0 7.6835060356584615 5.492051460975215 4.883255932264865 9999.0 9999.0 9999.0 9999.0 9999.0 9999.0 9999.0 9999.0 7.853184067625055 9999.0 12.482487732819928 5.130789412946121
9999.0 9999.0 9999.0 9999.0 9999.0 6.459052949155936 7.451877565419335 8.957914852241005 9999.0 9999.0 9999.0 9999.0 9999.0 9999.0 9999.0 9999.0 9.41541289588513 12.482487732819928 9999.0 10.713192801401458
9999.0 9999.0 9999.0 9999.0 9999.0 4.366092646749494 3.677849813410004 2.0029948826694493 9999.0 9999.0 9999.0 9999.0 9999.0 9999.0 9999.0 9999.0 2.91247317584214 5.130789412946121 10.713192801401458 9999.0
-1 -1 -1 -1 -1 -1 -1 -1 -1 -1 -1 -1 -1 -1 -1 -1 -1 -1 -1 -1 -1 -1 -1 -1 -1 -1 -1 -1 -1 -1 -1 -1 -1 -1 -1 -1 -1 -1 -1 -1 -1 -1 -1 -1 -1 -1 -1 -1 -1 -1 -1 -1 -1 -1 -1 -1 -1 -1 -1 -1 -1 -1 -1 -1 -1 -1 -1 -1 -1 -1 -1 -1 -1 -1 -1 -1 -1 -1 -1 -1 -1 -1 -1 -1 -1 -1 -1 -1 -1 -1 -1 -1 -1 -1 -1 -1 -1 -1 -1 -1
