9999.0 9999.0 11.305445457831372 11.698189646265783 11.965476881428504 10.768286771812868 11.568977223592412 10.71086686501144 2.00454009688008 0.6745227942775545 13.007143460422046 6.794937895227593 5.372855944467522 3.359133965771535 4.577617393360874 4.050874103202913 7.991581883457117 7.9608781550781185 4.705144099812459 9.830024465890205 4.149937469408425 9999.0 9999.0 9999.0 9999.0 9999.0 9999.0 9999.0 9999.0 9999.0 9999.0 9999.0 9999.0 9999.0 9999.0 9999.0 9999.0 9999.0 9999.0 9999.0 9999.0
9999.0 9999.0 10.8703910233257 11.26796507804315 11.235277522162058 11.798168756209582 12.760891034720107 11.992035732101535 1.099562185599341 2.356742879484311 11.192579550755937 5.1679238577982165 7.204820400259815 2.1548635687671736 5.928206895849706 5.566797732987969 6.371831526335265 6.167822711459855 6.524050658908161 8.053635017804073 3.042669387232205 9999.0 9999.0 9999.0 9999.0 9999.0 9999.0 9999.0 9999.0 9999.0 9999.0 9999.0 9999.0 9999.0 9999.0 9999.0 9999.0 9999.0 9999.0 9999.0 9999.0
11.305445457831372 10.8703910233257 9999.0 9999.0 9999.0 9.06515179133808 10.627394083217203 10.86640336081815 9999.0 9999.0 9999.0 9999.0 9999.0 9999.0 9999.0 9999.0 9999.0 9999.0 9999.0 9999.0 9999.0 4.790180163626417 0.7158393674561354 1.8789427878463996 3.3072384250307687 4.069646913431189 5.05276419398333 8.55913698920633 9.93344985390272 0.8340419653710477 4.404523356732259 6.2972395539633075 1.2022587075999907 3.082892472987016 9999.0 9999.0 9999.0 9999.0 9999.0 9999.0 9999.0
11.698189646265783 11.26796507804315 9999.0 9999.0 9999.0 9.197160485715143 10.752471762343763 11.028894776903078 9999.0 9999.0 9999.0 9999.0 9999.0 9999.0 9999.0 9999.0 9999.0 9999.0 9999.0 9999.0 9999.0 4.637811984114923 0.9472592042308167 1.8163975335812368 3.2291330105772973 3.9216450629805855 5.044333454481375 8.804958830113858 10.133276863877745 0.910659101969557 4.473846219976721 5.900279654389273 1.4796283317103658 3.453881874065759 9999.0 9999.0 9999.0 9999.0 9999.0 9999.0 9999.0
11.965476881428504 11.235277522162058 9999.0 9999.0 9999.0 11.014929731959255 12.581607091305942 12.776891719037147 9999.0 9999.0 9999.0 9999.0 9999.0 9999.0 9999.0 9999.0 9999.0 9999.0 9999.0 9999.0 9999.0 6.584169651520228 2.6795316754985374 3.805402738213132 1.3798876765882069 2.280326730975191 3.0657282984635157 7.2254473909924775 8.376663416898161 1.1578816865293275 6.393034490756326 6.311409509768797 3.0740998682541205 4.3829772985951 9999.0 9999.0 9999.0 9999.0 9999.0 9999.0 9999.0
10.768286771812868 11.798168756209582 9.06515179133808 9.197160485715143 11.014929731959255 9999.0 9999.0 9999.0 9999.0 9999.0 9999.0 9999.0 9999.0 9999.0 9999.0 9999.0 9999.0 9999.0 9999.0 9999.0 9999.0 9999.0 9999.0 9999.0 9999.0 9999.0 9999.0 9999.0 9999.0 9999.0 9999.0 9999.0 9999.0 9999.0 4.011072300520149 2.625204944380534 5.488560922500542 4.842964071723019 4.678557576860628 4.624489269097724 2.486584203279672
11.568977223592412 12.760891034720107 10.627394083217203 10.752471762343763 12.581607091305942 9999.0 9999.0 9999.0 9999.0 9999.0 9999.0 9999.0 9999.0 9999.0 9999.0 9999.0 9999.0 9999.0 9999.0 9999.0 9999.0 9999.0 9999.0 9999.0 9999.0 9999.0 9999.0 9999.0 9999.0 9999.0 9999.0 9999.0 9999.0 9999.0 4.7959533984391465 3.689331782315058 5.912019029062746 4.974331010296762 3.8182154208478076 5.697172017764603 1.4924372683633977
10.71086686501144 11.992035732101535 10.86640336081815 11.028894776903078 12.776891719037147 9999.0 9999.0 9999.0 9999.0 9999.0 9999.0 9999.0 9999.0 9999.0 9999.0 9999.0 9999.0 9999.0 9999.0 9999.0 9999.0 9999.0 9999.0 9999.0 9999.0 9999.0 9999.0 9999.0 9999.0 9999.0 9999.0 9999.0 9999.0 9999.0 5.757758244316967 3.2126904612800784 4.942284896684933 3.923439817303179 2.786930210823371 5.108207121877499 2.5640943820382276
2.00454009688008 1.099562185599341 9999.0 9999.0 9999.0 9999.0 9999.0 9999.0 9999.0 2.23606797749979 11.216059914247962 4.825971404805461 7.2034713853808015 3.2249030993194197 5.220153254455275 6.041522986797285 6.013318551349164 6.146543744251725 6.592419889539804 7.9699435380685095 2.1931712199461306 9999.0 9999.0 9999.0 9999.0 9999.0 9999.0 9999.0 9999.0 9999.0 9999.0 9999.0 9999.0 9999.0 9999.0 9999.0 9999.0 9999.0 9999.0 9999.0 9999.0
0.6745227942775545 2.356742879484311 9999.0 9999.0 9999.0 9999.0 9999.0 9999.0 2.23606797749979 9999.0 13.413426109685771 7.057619995437555 4.972926703662543 4.024922359499621 3.905124837953327 4.071854614300466 8.238931969618392 8.348652585896719 4.356604182158393 10.192153844992726 4.22965719651132 9999.0 9999.0 9999.0 9999.0 9999.0 9999.0 9999.0 9999.0 9999.0 9999.0 9999.0 9999.0 9999.0 9999.0 9999.0 9999.0 9999.0 9999.0 9999.0 9999.0
13.007143460422046 11.192579550755937 9999.0 9999.0 9999.0 9999.0 9999.0 9999.0 11.216059914247962 13.413426109685771 9999.0 6.711929677819935 18.373078130786904 10.846197490365 15.9 16.555965692160637 5.813776741499453 5.0695167422546294 17.711578134090704 3.3286633954186478 9.82700361249552 9999.0 9999.0 9999.0 9999.0 9999.0 9999.0 9999.0 9999.0 9999.0 9999.0 9999.0 9999.0 9999.0 9999.0 9999.0 9999.0 9999.0 9999.0 9999.0 9999.0
6.794937895227593 5.1679238577982165 9999.0 9999.0 9999.0 9999.0 9999.0 9999.0 4.825971404805461 7.057619995437555 6.711929677819935 9999.0 12.003332870498927 5.8591808301161015 9.19238815542512 10.729864864013898 1.2041594578792298 2.0124611797498106 11.412712210513327 3.3837848631377256 3.1304951684997055 9999.0 9999.0 9999.0 9999.0 9999.0 9999.0 9999.0 9999.0 9999.0 9999.0 9999.0 9999.0 9999.0 9999.0 9999.0 9999.0 9999.0 9999.0 9999.0 9999.0
5.372855944467522 7.204820400259815 9999.0 9999.0 9999.0 9999.0 9999.0 9999.0 7.2034713853808015 4.972926703662543 18.373078130786904 12.003332870498927 9999.0 8.22009732302483 4.632493928760188 3.195309061734091 13.168523075880605 13.315029102484155 0.7810249675906655 15.164761785138598 9.035485598461213 9999.0 9999.0 9999.0 9999.0 9999.0 9999.0 9999.0 9999.0 9999.0 9999.0 9999.0 9999.0 9999.0 9999.0 9999.0 9999.0 9999.0 9999.0 9999.0 9999.0
3.359133965771535 2.1548635687671736 9999.0 9999.0 9999.0 9999.0 9999.0 9999.0 3.2249030993194197 4.024922359499621 10.846197490365 5.8591808301161015 8.22009732302483 9999.0 7.877182237323192 5.818934610390461 6.985699678629192 6.166036003787198 7.463243262818116 8.039900496896712 4.750789408087881 9999.0 9999.0 9999.0 9999.0 9999.0 9999.0 9999.0 9999.0 9999.0 9999.0 9999.0 9999.0 9999.0 9999.0 9999.0 9999.0 9999.0 9999.0 9999.0 9999.0
4.577617393360874 5.928206895849706 9999.0 9999.0 9999.0 9999.0 9999.0 9999.0 5.220153254455275 3.905124837953327 15.9 9.19238815542512 4.632493928760188 7.877182237323192 9999.0 6.171709649683789 10.196568050084302 10.940292500660117 4.601086828130937 12.57179382586272 6.074537019394976 9999.0 9999.0 9999.0 9999.0 9999.0 9999.0 9999.0 9999.0 9999.0 9999.0 9999.0 9999.0 9999.0 9999.0 9999.0 9999.0 9999.0 9999.0 9999.0 9999.0
4.050874103202913 5.566797732987969 9999.0 9999.0 9999.0 9999.0 9999.0 9999.0 6.041522986797285 4.071854614300466 16.555965692160637 10.729864864013898 3.195309061734091 5.818934610390461 6.171709649683789 9999.0 11.93398508462282 11.643023662262307 2.473863375370596 13.544740676735012 8.200609733428362 9999.0 9999.0 9999.0 9999.0 9999.0 9999.0 9999.0 9999.0 9999.0 9999.0 9999.0 9999.0 9999.0 9999.0 9999.0 9999.0 9999.0 9999.0 9999.0 9999.0
7.991581883457117 6.371831526335265 9999.0 9999.0 9999.0 9999.0 9999.0 9999.0 6.013318551349164 8.238931969618392 5.813776741499453 1.2041594578792298 13.168523075880605 6.985699678629192 10.196568050084302 11.93398508462282 9999.0 1.9235384061671346 12.589678312014172 2.561249694973139 4.205948168962618 9999.0 9999.0 9999.0 9999.0 9999.0 9999.0 9999.0 9999.0 9999.0 9999.0 9999.0 9999.0 9999.0 9999.0 9999.0 9999.0 9999.0 9999.0 9999.0 9999.0
7.9608781550781185 6.167822711459855 9999.0 9999.0 9999.0 9999.0 9999.0 9999.0 6.146543744251725 8.348652585896719 5.0695167422546294 2.0124611797498106 13.315029102484155 6.166036003787198 10.940292500660117 11.643023662262307 1.9235384061671346 9999.0 12.664912159190052 1.9026297590440446 4.8918299234540035 9999.0 9999.0 9999.0 9999.0 9999.0 9999.0 9999.0 9999.0 9999.0 9999.0 9999.0 9999.0 9999.0 9999.0 9999.0 9999.0 9999.0 9999.0 9999.0 9999.0
4.705144099812459 6.524050658908161 9999.0 9999.0 9999.0 9999.0 9999.0 9999.0 6.592419889539804 4.356604182158393 17.711578134090704 11.412712210513327 0.7810249675906655 7.463243262818116 4.601086828130937 2.473863375370596 12.589678312014172 12.664912159190052 9999.0 14.527904184706065 8.50235261559999 9999.0 9999.0 9999.0 9999.0 9999.0 9999.0 9999.0 9999.0 9999.0 9999.0 9999.0 9999.0 9999.0 9999.0 9999.0 9999.0 9999.0 9999.0 9999.0 9999.0
9.830024465890205 8.053635017804073 9999.0 9999.0 9999.0 9999.0 9999.0 9999.0 7.9699435380685095 10.192153844992726 3.3286633954186478 3.3837848631377256 15.164761785138598 8.039900496896712 12.57179382586272 13.544740676735012 2.561249694973139 1.9026297590440446 14.527904184706065 9999.0 6.5 9999.0 9999.0 9999.0 9999.0 9999.0 9999.0 9999.0 9999.0 9999.0 9999.0 9999.0 9999.0 9999.0 9999.0 9999.0 9999.0 9999.0 9999.0 9999.0 9999.0
4.149937469408425 3.042669387232205 9999.0 9999.0 9999.0 9999.0 9999.0 9999.0 2.1931712199461306 4.22965719651132 9.82700361249552 3.1304951684997055 9.035485598461213 4.750789408087881 6.074537019394976 8.200609733428362 4.205948168962618 4.8918299234540035 8.50235261559999 6.5 9999.0 9999.0 9999.0 9999.0 9999.0 9999.0 9999.0 9999.0 9999.0 9999.0 9999.0 9999.0 9999.0 9999.0 9999.0 9999.0 9999.0 9999.0 9999.0 9999.0 9999.0
9999.0 9999.0 4.790180163626417 4.637811984114923 6.584169651520228 9999.0 9999.0 9999.0 9999.0 9999.0 9999.0 9999.0 9999.0 9999.0 9999.0 9999.0 9999.0 9999.0 9999.0 9999.0 9999.0 9999.0 4.346262762420146 2.9546573405388314 7.638062581571323 8.060397012554654 9.546203433826454 13.277424449041312 14.713938969562161 5.547071299343465 2.580697580112788 6.350590523722971 4.368065933568311 5.803447251418764 9999.0 9999.0 9999.0 9999.0 9999.0 9999.0 9999.0
9999.0 9999.0 0.7158393674561354 0.9472592042308167 2.6795316754985374 9999.0 9999.0 9999.0 9999.0 9999.0 9999.0 9999.0 9999.0 9999.0 9999.0 9999.0 9999.0 9999.0 9999.0 9999.0 9999.0 4.346262762420146 9999.0 1.3928388277184118 4.016217125604641 4.78539444560216 5.7306195127577615 8.931965069345043 10.38315944209661 1.5231546211727818 3.7215588131856787 6.648308055437865 0.5385164807134504 2.6172504656604803 9999.0 9999.0 9999.0 9999.0 9999.0 9999.0 9999.0
9999.0 9999.0 1.8789427878463996 1.8163975335812368 3.805402738213132 9999.0 9999.0 9999.0 9999.0 9999.0 9999.0 9999.0 9999.0 9999.0 9999.0 9999.0 9999.0 9999.0 9999.0 9999.0 9999.0 2.9546573405388314 1.3928388277184118 9999.0 5.024937810560446 5.646237685397242 6.860029154456998 10.324727599312245 11.764777940955792 2.6870057685088806 2.765863337187866 6.185466837676846 1.5 3.40147027033899 9999.0 9999.0 9999.0 9999.0 9999.0 9999.0 9999.0
9999.0 9999.0 3.3072384250307687 3.2291330105772973 1.3798876765882069 9999.0 9999.0 9999.0 9999.0 9999.0 9999.0 9999.0 9999.0 9999.0 9999.0 9999.0 9999.0 9999.0 9999.0 9999.0 9999.0 7.638062581571323 4.016217125604641 5.024937810560446 9999.0 0.9848857801796105 1.9209372712298547 7.0178344238090995 7.891767862779543 2.5 7.696752561957543 6.15223536610881 4.43846820423443 5.721887800367987 9999.0 9999.0 9999.0 9999.0 9999.0 9999.0 9999.0
9999.0 9999.0 4.069646913431189 3.9216450629805855 2.280326730975191 9999.0 9999.0 9999.0 9999.0 9999.0 9999.0 9999.0 9999.0 9999.0 9999.0 9999.0 9999.0 9999.0 9999.0 9999.0 9999.0 8.060397012554654 4.78539444560216 5.646237685397242 0.9848857801796105 9999.0 1.9235384061671346 7.531268153505092 8.205485969764375 3.313608305156178 8.381527307120106 5.7008771254956905 5.246903848937962 6.661080993352355 9999.0 9999.0 9999.0 9999.0 9999.0 9999.0 9999.0
9999.0 9999.0 5.05276419398333 5.044333454481375 3.0657282984635157 9999.0 9999.0 9999.0 9999.0 9999.0 9999.0 9999.0 9999.0 9999.0 9999.0 9999.0 9999.0 9999.0 9999.0 9999.0 9999.0 9.546203433826454 5.7306195127577615 6.860029154456998 1.9209372712298547 1.9235384061671346 9999.0 5.756735185849702 6.3 4.219004621945797 9.451454914456292 7.6105190361761785 6.083584469702052 6.972087205421343 9999.0 9999.0 9999.0 9999.0 9999.0 9999.0 9999.0
9999.0 9999.0 8.55913698920633 8.804958830113858 7.2254473909924775 9999.0 9999.0 9999.0 9999.0 9999.0 9999.0 9999.0 9999.0 9999.0 9999.0 9999.0 9999.0 9999.0 9999.0 9999.0 9999.0 13.277424449041312 8.931965069345043 10.324727599312245 7.0178344238090995 7.531268153505092 5.756735185849702 9999.0 1.8788294228055935 7.930952023559341 12.095040305844375 13.164345787011218 8.947066558375433 8.324061508662703 9999.0 9999.0 9999.0 9999.0 9999.0 9999.0 9999.0
9999.0 9999.0 9.93344985390272 10.133276863877745 8.376663416898161 9999.0 9999.0 9999.0 9999.0 9999.0 9999.0 9999.0 9999.0 9999.0 9999.0 9999.0 9999.0 9999.0 9999.0 9999.0 9999.0 14.713938969562161 10.38315944209661 11.764777940955792 7.891767862779543 8.205485969764375 6.3 1.8788294228055935 9999.0 9.230926280715279 13.720058308913996 13.905754204644925 10.462313319720455 10.044899203078147 9999.0 9999.0 9999.0 9999.0 9999.0 9999.0 9999.0
9999.0 9999.0 0.8340419653710477 0.910659101969557 1.1578816865293275 9999.0 9999.0 9999.0 9999.0 9999.0 9999.0 9999.0 9999.0 9999.0 9999.0 9999.0 9999.0 9999.0 9999.0 9999.0 9999.0 5.547071299343465 1.5231546211727818 2.6870057685088806 2.5 3.313608305156178 4.219004621945797 7.930952023559341 9.230926280715279 9999.0 5.23545604508337 6.276941930590087 1.9416487838947596 3.5114099732158874 9999.0 9999.0 9999.0 9999.0 9999.0 9999.0 9999.0
9999.0 9999.0 4.404523356732259 4.473846219976721 6.393034490756326 9999.0 9999.0 9999.0 9999.0 9999.0 9999.0 9999.0 9999.0 9999.0 9999.0 9999.0 9999.0 9999.0 9999.0 9999.0 9999.0 2.580697580112788 3.7215588131856787 2.765863337187866 7.696752561957543 8.381527307120106 9.451454914456292 12.095040305844375 13.720058308913996 5.23545604508337 9999.0 8.321658488546618 3.420526275297414 3.9217343102255158 9999.0 9999.0 9999.0 9999.0 9999.0 9999.0 9999.0
9999.0 9999.0 6.2972395539633075 5.900279654389273 6.311409509768797 9999.0 9999.0 9999.0 9999.0 9999.0 9999.0 9999.0 9999.0 9999.0 9999.0 9999.0 9999.0 9999.0 9999.0 9999.0 9999.0 6.350590523722971 6.648308055437865 6.185466837676846 6.15223536610881 5.7008771254956905 7.6105190361761785 13.164345787011218 13.905754204644925 6.276941930590087 8.321658488546618 9999.0 7.142128534267638 9.263368717696604 9999.0 9999.0 9999.0 9999.0 9999.0 9999.0 9999.0
9999.0 9999.0 1.2022587075999907 1.4796283317103658 3.0740998682541205 9999.0 9999.0 9999.0 9999.0 9999.0 9999.0 9999.0 9999.0 9999.0 9999.0 9999.0 9999.0 9999.0 9999.0 9999.0 9999.0 4.368065933568311 0.5385164807134504 1.5 4.43846820423443 5.246903848937962 6.083584469702052 8.947066558375433 10.462313319720455 1.9416487838947596 3.420526275297414 7.142128534267638 9999.0 2.12602916254693 9999.0 9999.0 9999.0 9999.0 9999.0 9999.0 9999.0
9999.0 9999.0 3.082892472987016 3.453881874065759 4.3829772985951 9999.0 9999.0 9999.0 9999.0 9999.0 9999.0 9999.0 9999.0 9999.0 9999.0 9999.0 9999.0 9999.0 9999.0 9999.0 9999.0 5.803447251418764 2.6172504656604803 3.40147027033899 5.721887800367987 6.661080993352355 6.972087205421343 8.324061508662703 10.044899203078147 3.5114099732158874 3.9217343102255158 9.263368717696604 2.12602916254693 9999.0 9999.0 9999.0 9999.0 9999.0 9999.0 9999.0 9999.0
9999.0 9999.0 9999.0 9999.0 9999.0 4.011072300520149 4.7959533984391465 5.757758244316967 9999.0 9999.0 9999.0 9999.0 9999.0 9999.0 9999.0 9999.0 9999.0 9999.0 9999.0 9999.0 9999.0 9999.0 9999.0 9999.0 9999.0 9999.0 9999.0 9999.0 9999.0 9999.0 9999.0 9999.0 9999.0 9999.0 9999.0 6.000833275470999 9.213034245024817 8.76584280032445 8.54458893101359 7.592759709091287 4.177319714841085
9999.0 9999.0 9999.0 9999.0 9999.0 2.625204944380534 3.689331782315058 3.2126904612800784 9999.0 9999.0 9999.0 9999.0 9999.0 9999.0 9999.0 9999.0 9999.0 9999.0 9999.0 9999.0 9999.0 9999.0 9999.0 9999.0 9999.0 9999.0 9999.0 9999.0 9999.0 9999.0 9999.0 9999.0 9999.0 9999.0 6.000833275470999 9999.0 3.2449961479175906 3.1064449134018135 4.638965401897281 2.024845673131659 4.99799959983992
9999.0 9999.0 9999.0 9999.0 9999.0 5.488560922500542 5.912019029062746 4.942284896684933 9999.0 9999.0 9999.0 9999.0 9999.0 9999.0 9999.0 9999.0 9999.0 9999.0 9999.0 9999.0 9999.0 9999.0 9999.0 9999.0 9999.0 9999.0 9999.0 9999.0 9999.0 9999.0 9999.0 9999.0 9999.0 9999.0 9.213034245024817 3.2449961479175906 9999.0 1.2806248474865696 4.327817001676481 2.6248809496813372 7.400675644831355
9999.0 9999.0 9999.0 9999.0 9999.0 4.842964071723019 4.974331010296762 3.923439817303179 9999.0 9999.0 9999.0 9999.0 9999.0 9999.0 9999.0 9999.0 9999.0 9999.0 9999.0 9999.0 9999.0 9999.0 9999.0 9999.0 9999.0 9999.0 9999.0 9999.0 9999.0 9999.0 9999.0 9999.0 9999.0 9999.0 8.76584280032445 3.1064449134018135 1.2806248474865696 9999.0 3.047950130825634 3.3060550509633075 6.462971452822611
9999.0 9999.0 9999.0 9999.0 9999.0 4.678557576860628 3.8182154208478076 2.786930210823371 9999.0 9999.0 9999.0 9999.0 9999.0 9999.0 9999.0 9999.0 9999.0 9999.0 9999.0 9999.0 9999.0 9999.0 9999.0 9999.0 9999.0 9999.0 9999.0 9999.0 9999.0 9999.0 9999.0 9999.0 9999.0 9999.0 8.54458893101359 4.638965401897281 4.327817001676481 3.047950130825634 9999.0 5.860034129593445 5.021951811795888
9999.0 9999.0 9999.0 9999.0 9999.0 4.624489269097724 5.697172017764603 5.108207121877499 9999.0 9999.0 9999.0 9999.0 9999.0 9999.0 9999.0 9999.0 9999.0 9999.0 9999.0 9999.0 9999.0 9999.0 9999.0 9999.0 9999.0 9999.0 9999.0 9999.0 9999.0 9999.0 9999.0 9999.0 9999.0 9999.0 7.592759709091287 2.024845673131659 2.6248809496813372 3.3060550509633075 5.860034129593445 9999.0 7.022819946431775
9999.0 9999.0 9999.0 9999.0 9999.0 2.486584203279672 1.4924372683633977 2.5640943820382276 9999.0 9999.0 9999.0 9999.0 9999.0 9999.0 9999.0 9999.0 9999.0 9999.0 9999.0 9999.0 9999.0 9999.0 9999.0 9999.0 9999.0 9999.0 9999.0 9999.0 9999.0 9999.0 9999.0 9999.0 9999.0 9999.0 4.177319714841085 4.99799959983992 7.400675644831355 6.462971452822611 5.021951811795888 7.022819946431775 9999.0
-1 -1 -1 -1 -1 -1 -1 -1 -1 -1 -1 -1 -1 -1 -1 -1 -1 -1 -1 -1 -1 -1 -1 -1 -1 -1 -1 -1 -1 -1 -1 -1 -1 -1 -1 -1 -1 -1 -1 -1 -1 -1 -1 -1 -1 -1 -1 -1 -1 -1 -1 -1 -1 -1 -1 -1 -1 -1 -1 -1 -1 -1 -1 -1 -1 -1 -1 -1 -1 -1 -1 -1 -1 -1 -1 -1 -1 -1 -1 -1 -1 -1 -1 -1 -1 -1 -1 -1 -1 -1 -1 -1 -1 -1 -1 -1 -1 -1 -1 -1
9999.0 9999.0 11.305445457831372 11.698189646265783 11.965476881428504 10.768286771812868 11.568977223592412 10.71086686501144 1.0426797207196463 5.471963176045687 4.15114213199211 10.919477139497111 0.09889893831583836 3.963556609914888 2.6113561610779943 2.5181304573035925 8.172599402882783 5.979362925931156 1.8435240709033338 4.84472713369907 4.885384427043587 9999.0 9999.0 9999.0 9999.0 9999.0 9999.0 9999.0 9999.0 9999.0 9999.0 9999.0 9999.0 9999.0 9999.0 9999.0 9999.0 9999.0 9999.0 9999.0 9999.0
9999.0 9999.0 10.8703910233257 11.26796507804315 11.235277522162058 11.798168756209582 12.760891034720107 11.992035732101535 2.7164382930594977 6.163265124915526 5.129837911669335 9.104561329355741 1.775510349167247 3.4759512367120458 3.298732635422277 4.320143168923919 6.448723672169555 5.7959327980921245 1.2537292371162125 5.831966820893274 6.712975271815024 9999.0 9999.0 9999.0 9999.0 9999.0 9999.0 9999.0 9999.0 9999.0 9999.0 9999.0 9999.0 9999.0 9999.0 9999.0 9999.0 9999.0 9999.0 9999.0 9999.0
11.305445457831372 10.8703910233257 9999.0 9999.0 9999.0 9.06515179133808 10.627394083217203 10.86640336081815 9999.0 9999.0 9999.0 9999.0 9999.0 9999.0 9999.0 9999.0 9999.0 9999.0 9999.0 9999.0 9999.0 3.014801154305206 4.77122898213867 5.069617934322073 4.3470709679047115 6.254328581070872 8.388898974239707 2.677018117234174 6.6159826178731755 4.92012459191838 1.7965594896913377 5.432589253753683 5.167787340825859 5.896577481895748 9999.0 9999.0 9999.0 9999.0 9999.0 9999.0 9999.0
11.698189646265783 11.26796507804315 9999.0 9999.0 9999.0 9.197160485715143 10.752471762343763 11.028894776903078 9999.0 9999.0 9999.0 9999.0 9999.0 9999.0 9999.0 9999.0 9999.0 9999.0 9999.0 9999.0 9999.0 3.410175948539899 4.71118880963181 4.727716150531883 4.28780829795363 6.486393450909372 8.608559693700219 2.9358644382872994 6.2184644406798695 4.677317607347186 2.035018427434995 5.06273641423292 4.933284909672256 6.1978464001619145 9999.0 9999.0 9999.0 9999.0 9999.0 9999.0 9999.0
11.965476881428504 11.235277522162058 9999.0 9999.0 9999.0 11.014929731959255 12.581607091305942 12.776891719037147 9999.0 9999.0 9999.0 9999.0 9999.0 9999.0 9999.0 9999.0 9999.0 9999.0 9999.0 9999.0 9999.0 3.9421935518185816 6.701439397621976 6.151429915068529 6.278096048962615 4.895517337319928 6.930475452665567 1.8278648746556732 6.6884594638825465 6.479621130899552 1.2312148472139215 4.8871351526226485 6.7504585029463 4.9808724135436355 9999.0 9999.0 9999.0 9999.0 9999.0 9999.0 9999.0
10.768286771812868 11.798168756209582 9.06515179133808 9.197160485715143 11.014929731959255 9999.0 9999.0 9999.0 9999.0 9999.0 9999.0 9999.0 9999.0 9999.0 9999.0 9999.0 9999.0 9999.0 9999.0 9999.0 9999.0 9999.0 9999.0 9999.0 9999.0 9999.0 9999.0 9999.0 9999.0 9999.0 9999.0 9999.0 9999.0 9999.0 1.4269201098870252 3.592227860256084 4.1322029233811834 0.6245806593227171 2.4807057463552584 4.751578790254878 2.606549635053973
11.568977223592412 12.760891034720107 10.627394083217203 10.752471762343763 12.581607091305942 9999.0 9999.0 9999.0 9999.0 9999.0 9999.0 9999.0 9999.0 9999.0 9999.0 9999.0 9999.0 9999.0 9999.0 9999.0 9999.0 9999.0 9999.0 9999.0 9999.0 9999.0 9999.0 9999.0 9999.0 9999.0 9999.0 9999.0 9999.0 9999.0 2.9913824563234974 5.116089229088954 5.6985409536126 1.6150445814280174 1.485519774355091 6.054219107366366 2.5613217291078447
10.71086686501144 11.992035732101535 10.86640336081815 11.028894776903078 12.776891719037147 9999.0 9999.0 9999.0 9999.0 9999.0 9999.0 9999.0 9999.0 9999.0 9999.0 9999.0 9999.0 9999.0 9999.0 9999.0 9999.0 9999.0 9999.0 9999.0 9999.0 9999.0 9999.0 9999.0 9999.0 9999.0 9999.0 9999.0 9999.0 9999.0 3.328029446985107 5.5280177279021085 5.82808544892746 2.34533153306734 0.4855718278483627 6.742208836872379 3.666685151468558
1.0426797207196463 2.7164382930594977 9999.0 9999.0 9999.0 9999.0 9999.0 9999.0 9999.0 6.016643582596529 4.588027898781785 11.813974775662931 1.140175425099138 3.8897300677553446 2.0223748416156684 2.1023796041628637 9.144397191723465 6.859300255857008 2.8861739379323623 5.239274758971893 4.244997055358225 9999.0 9999.0 9999.0 9999.0 9999.0 9999.0 9999.0 9999.0 9999.0 9999.0 9999.0 9999.0 9999.0 9999.0 9999.0 9999.0 9999.0 9999.0 9999.0 9999.0
5.471963176045687 6.163265124915526 9999.0 9999.0 9999.0 9999.0 9999.0 9999.0 6.016643582596529 9999.0 1.5 12.662148316932637 5.412947441089743 9.353608929178085 8.000624975587845 4.827007354458868 9.479451460923254 2.8160255680657444 4.9365980188789935 1.118033988749895 5.948108943185221 9999.0 9999.0 9999.0 9999.0 9999.0 9999.0 9999.0 9999.0 9999.0 9999.0 9999.0 9999.0 9999.0 9999.0 9999.0 9999.0 9999.0 9999.0 9999.0 9999.0
4.15114213199211 5.129837911669335 9999.0 9999.0 9999.0 9999.0 9999.0 9999.0 4.588027898781785 1.5 9999.0 12.580143083447023 4.104875150354758 8.100617260431454 6.596969000988257 3.330165161069343 9.430270409696638 3.622154055254967 3.992492955535426 0.7071067811865475 4.648655719667784 9999.0 9999.0 9999.0 9999.0 9999.0 9999.0 9999.0 9999.0 9999.0 9999.0 9999.0 9999.0 9999.0 9999.0 9999.0 9999.0 9999.0 9999.0 9999.0 9999.0
10.919477139497111 9.104561329355741 9999.0 9999.0 9999.0 9999.0 9999.0 9999.0 11.813974775662931 12.662148316932637 12.580143083447023 9999.0 10.846658471621572 10.21763181955584 11.751595636338072 13.277424449041312 3.1827660925679093 10.230347012687302 9.402127418834528 13.087398519186308 15.692354826475215 9999.0 9999.0 9999.0 9999.0 9999.0 9999.0 9999.0 9999.0 9999.0 9999.0 9999.0 9999.0 9999.0 9999.0 9999.0 9999.0 9999.0 9999.0 9999.0 9999.0
0.09889893831583836 1.775510349167247 9999.0 9999.0 9999.0 9999.0 9999.0 9999.0 1.140175425099138 5.412947441089743 4.104875150354758 10.846658471621572 9999.0 4.001249804748512 2.6925824035672523 2.561249694973139 8.089499366462674 5.8898217290508885 1.746424919657298 4.801041553663122 4.939635614091388 9999.0 9999.0 9999.0 9999.0 9999.0 9999.0 9999.0 9999.0 9999.0 9999.0 9999.0 9999.0 9999.0 9999.0 9999.0 9999.0 9999.0 9999.0 9999.0 9999.0
3.963556609914888 3.4759512367120458 9999.0 9999.0 9999.0 9999.0 9999.0 9999.0 3.8897300677553446 9.353608929178085 8.100617260431454 10.21763181955584 4.001249804748512 9999.0 2.2671568097509267 5.980802621722272 8.381527307120106 9.270382947861432 4.681879964287851 8.8 7.877182237323192 9999.0 9999.0 9999.0 9999.0 9999.0 9999.0 9999.0 9999.0 9999.0 9999.0 9999.0 9999.0 9999.0 9999.0 9999.0 9999.0 9999.0 9999.0 9999.0 9999.0
2.6113561610779943 3.298732635422277 9999.0 9999.0 9999.0 9999.0 9999.0 9999.0 2.0223748416156684 8.000624975587845 6.596969000988257 11.751595636338072 2.6925824035672523 2.2671568097509267 9999.0 3.9458839313897713 9.464142856064674 8.56037382361308 4.110960958218893 7.256721022610694 5.643580423808984 9999.0 9999.0 9999.0 9999.0 9999.0 9999.0 9999.0 9999.0 9999.0 9999.0 9999.0 9999.0 9999.0 9999.0 9999.0 9999.0 9999.0 9999.0 9999.0 9999.0
2.5181304573035925 4.320143168923919 9999.0 9999.0 9999.0 9999.0 9999.0 9999.0 2.1023796041628637 4.827007354458868 3.330165161069343 13.277424449041312 2.561249694973139 5.980802621722272 3.9458839313897713 9999.0 10.384603988597735 6.484597134749391 3.8897300677553446 3.827531841800927 2.416609194718914 9999.0 9999.0 9999.0 9999.0 9999.0 9999.0 9999.0 9999.0 9999.0 9999.0 9999.0 9999.0 9999.0 9999.0 9999.0 9999.0 9999.0 9999.0 9999.0 9999.0
8.172599402882783 6.448723672169555 9999.0 9999.0 9999.0 9999.0 9999.0 9999.0 9.144397191723465 9.479451460923254 9.430270409696638 3.1827660925679093 8.089499366462674 8.381527307120106 9.464142856064674 10.384603988597735 9999.0 7.080254232723568 6.5 9.920181449953422 12.778106275970629 9999.0 9999.0 9999.0 9999.0 9999.0 9999.0 9999.0 9999.0 9999.0 9999.0 9999.0 9999.0 9999.0 9999.0 9999.0 9999.0 9999.0 9999.0 9999.0 9999.0
5.979362925931156 5.7959327980921245 9999.0 9999.0 9999.0 9999.0 9999.0 9999.0 6.859300255857008 2.8160255680657444 3.622154055254967 10.230347012687302 5.8898217290508885 9.270382947861432 8.56037382361308 6.484597134749391 7.080254232723568 9999.0 4.606517122512408 3.712142238654117 8.222530024268687 9999.0 9999.0 9999.0 9999.0 9999.0 9999.0 9999.0 9999.0 9999.0 9999.0 9999.0 9999.0 9999.0 9999.0 9999.0 9999.0 9999.0 9999.0 9999.0 9999.0
1.8435240709033338 1.2537292371162125 9999.0 9999.0 9999.0 9999.0 9999.0 9999.0 2.8861739379323623 4.9365980188789935 3.992492955535426 9.402127418834528 1.746424919657298 4.681879964287851 4.110960958218893 3.8897300677553446 6.5 4.606517122512408 9999.0 4.681879964287851 6.296824596572467 9999.0 9999.0 9999.0 9999.0 9999.0 9999.0 9999.0 9999.0 9999.0 9999.0 9999.0 9999.0 9999.0 9999.0 9999.0 9999.0 9999.0 9999.0 9999.0 9999.0
4.84472713369907 5.831966820893274 9999.0 9999.0 9999.0 9999.0 9999.0 9999.0 5.239274758971893 1.118033988749895 0.7071067811865475 13.087398519186308 4.801041553663122 8.8 7.256721022610694 3.827531841800927 9.920181449953422 3.712142238654117 4.681879964287851 9999.0 4.830113870293329 9999.0 9999.0 9999.0 9999.0 9999.0 9999.0 9999.0 9999.0 9999.0 9999.0 9999.0 9999.0 9999.0 9999.0 9999.0 9999.0 9999.0 9999.0 9999.0 9999.0
4.885384427043587 6.712975271815024 9999.0 9999.0 9999.0 9999.0 9999.0 9999.0 4.244997055358225 5.948108943185221 4.648655719667784 15.692354826475215 4.939635614091388 7.877182237323192 5.643580423808984 2.416609194718914 12.778106275970629 8.222530024268687 6.296824596572467 4.830113870293329 9999.0 9999.0 9999.0 9999.0 9999.0 9999.0 9999.0 9999.0 9999.0 9999.0 9999.0 9999.0 9999.0 9999.0 9999.0 9999.0 9999.0 9999.0 9999.0 9999.0 9999.0
9999.0 9999.0 3.014801154305206 3.410175948539899 3.9421935518185816 9999.0 9999.0 9999.0 9999.0 9999.0 9999.0 9999.0 9999.0 9999.0 9999.0 9999.0 9999.0 9999.0 9999.0 9999.0 9999.0 9999.0 5.846366392897386 7.71621668954417 5.491812087098392 5.531726674375732 7.569015788066503 2.8160255680657444 9.621330469326995 7.034912934784623 2.765863337187866 8.386894538504702 7.217340230306453 4.5 9999.0 9999.0 9999.0 9999.0 9999.0 9999.0 9999.0
9999.0 9999.0 4.77122898213867 4.71118880963181 6.701439397621976 9999.0 9999.0 9999.0 9999.0 9999.0 9999.0 9999.0 9999.0 9999.0 9999.0 9999.0 9999.0 9999.0 9999.0 9999.0 9999.0 5.846366392897386 9999.0 4.123105625617661 0.4242640687119285 10.804628637764464 12.949517365523706 7.267048919609665 7.446475676452586 2.3853720883753127 6.481512169239521 7.810249675906654 2.3430749027719964 10.123734488813898 9999.0 9999.0 9999.0 9999.0 9999.0 9999.0 9999.0
9999.0 9999.0 5.069617934322073 4.727716150531883 6.151429915068529 9999.0 9999.0 9999.0 9999.0 9999.0 9999.0 9999.0 9999.0 9999.0 9999.0 9999.0 9999.0 9999.0 9999.0 9999.0 9999.0 7.71621668954417 4.123105625617661 9999.0 3.9824615503479754 11.031772296417289 13.081666560496028 7.605918747922567 3.413209633175202 1.8248287590894658 6.702984409947557 4.47213595499958 2.0024984394500787 10.901834707974617 9999.0 9999.0 9999.0 9999.0 9999.0 9999.0 9999.0
9999.0 9999.0 4.3470709679047115 4.28780829795363 6.278096048962615 9999.0 9999.0 9999.0 9999.0 9999.0 9999.0 9999.0 9999.0 9999.0 9999.0 9999.0 9999.0 9999.0 9999.0 9999.0 9999.0 5.491812087098392 0.4242640687119285 3.9824615503479754 9999.0 10.394229168149026 12.539936203984453 6.850547423381579 7.242237223399962 2.3345235059857505 6.060528029800703 7.50066663703967 2.3430749027719964 9.730878685915267 9999.0 9999.0 9999.0 9999.0 9999.0 9999.0 9999.0
9999.0 9999.0 6.254328581070872 6.486393450909372 4.895517337319928 9999.0 9999.0 9999.0 9999.0 9999.0 9999.0 9999.0 9999.0 9999.0 9999.0 9999.0 9999.0 9999.0 9999.0 9999.0 9999.0 5.531726674375732 10.804628637764464 11.031772296417289 10.394229168149026 9999.0 2.147091055358389 3.5846896657869842 11.328283188550682 11.16288493177279 4.459820624195551 9.19238815542512 11.416216536138407 1.5 9999.0 9999.0 9999.0 9999.0 9999.0 9999.0 9999.0
9999.0 9999.0 8.388898974239707 8.608559693700219 6.930475452665567 9999.0 9999.0 9999.0 9999.0 9999.0 9999.0 9999.0 9999.0 9999.0 9999.0 9999.0 9999.0 9999.0 9999.0 9999.0 9999.0 7.569015788066503 12.949517365523706 13.081666560496028 12.539936203984453 2.147091055358389 9999.0 5.727128425310541 13.118688958886096 13.285330255586421 6.592419889539804 10.87795936745491 13.541787178950937 3.1400636936215163 9999.0 9999.0 9999.0 9999.0 9999.0 9999.0 9999.0
9999.0 9999.0 2.677018117234174 2.9358644382872994 1.8278648746556732 9999.0 9999.0 9999.0 9999.0 9999.0 9999.0 9999.0 9999.0 9999.0 9999.0 9999.0 9999.0 9999.0 9999.0 9999.0 9999.0 2.8160255680657444 7.267048919609665 7.605918747922567 6.850547423381579 3.5846896657869842 5.727128425310541 9999.0 8.486459803710849 7.5960516059331775 0.9055385138137417 6.711929677819935 7.844743462982075 3.3015148038438356 9999.0 9999.0 9999.0 9999.0 9999.0 9999.0 9999.0
9999.0 9999.0 6.6159826178731755 6.2184644406798695 6.6884594638825465 9999.0 9999.0 9999.0 9999.0 9999.0 9999.0 9999.0 9999.0 9999.0 9999.0 9999.0 9999.0 9999.0 9999.0 9999.0 9999.0 9.621330469326995 7.446475676452586 3.413209633175202 7.242237223399962 11.328283188550682 13.118688958886096 8.486459803710849 9999.0 5.2345009313209605 7.696752561957543 2.3769728648009427 5.414794548272353 11.648175822848827 9999.0 9999.0 9999.0 9999.0 9999.0 9999.0 9999.0
9999.0 9999.0 4.92012459191838 4.677317607347186 6.479621130899552 9999.0 9999.0 9999.0 9999.0 9999.0 9999.0 9999.0 9999.0 9999.0 9999.0 9999.0 9999.0 9999.0 9999.0 9999.0 9999.0 7.034912934784623 2.3853720883753127 1.8248287590894658 2.3345235059857505 11.16288493177279 13.285330255586421 7.5960516059331775 5.2345009313209605 9999.0 6.705221845696084 6.04400529450463 0.282842712474619 10.78702924812944 9999.0 9999.0 9999.0 9999.0 9999.0 9999.0 9999.0
9999.0 9999.0 1.7965594896913377 2.035018427434995 1.2312148472139215 9999.0 9999.0 9999.0 9999.0 9999.0 9999.0 9999.0 9999.0 9999.0 9999.0 9999.0 9999.0 9999.0 9999.0 9999.0 9999.0 2.765863337187866 6.481512169239521 6.702984409947557 6.060528029800703 4.459820624195551 6.592419889539804 0.9055385138137417 7.696752561957543 6.705221845696084 9999.0 6.04400529450463 6.957010852370435 4.2 9999.0 9999.0 9999.0 9999.0 9999.0 9999.0 9999.0
9999.0 9999.0 5.432589253753683 5.06273641423292 4.8871351526226485 9999.0 9999.0 9999.0 9999.0 9999.0 9999.0 9999.0 9999.0 9999.0 9999.0 9999.0 9999.0 9999.0 9999.0 9999.0 9999.0 8.386894538504702 7.810249675906654 4.47213595499958 7.50066663703967 9.19238815542512 10.87795936745491 6.711929677819935 2.3769728648009427 6.04400529450463 6.04400529450463 9999.0 6.293647591023825 9.677293009927931 9999.0 9999.0 9999.0 9999.0 9999.0 9999.0 9999.0
9999.0 9999.0 5.167787340825859 4.933284909672256 6.7504585029463 9999.0 9999.0 9999.0 9999.0 9999.0 9999.0 9999.0 9999.0 9999.0 9999.0 9999.0 9999.0 9999.0 9999.0 9999.0 9999.0 7.217340230306453 2.3430749027719964 2.0024984394500787 2.3430749027719964 11.416216536138407 13.541787178950937 7.844743462982075 5.414794548272353 0.282842712474619 6.957010852370435 6.293647591023825 9999.0 11.021796586763884 9999.0 9999.0 9999.0 9999.0 9999.0 9999.0 9999.0
9999.0 9999.0 5.896577481895748 6.1978464001619145 4.9808724135436355 9999.0 9999.0 9999.0 9999.0 9999.0 9999.0 9999.0 9999.0 9999.0 9999.0 9999.0 9999.0 9999.0 9999.0 9999.0 9999.0 4.5 10.123734488813898 10.901834707974617 9.730878685915267 1.5 3.1400636936215163 3.3015148038438356 11.648175822848827 10.78702924812944 4.2 9.677293009927931 11.021796586763884 9999.0 9999.0 9999.0 9999.0 9999.0 9999.0 9999.0 9999.0
9999.0 9999.0 9999.0 9999.0 9999.0 1.4269201098870252 2.9913824563234974 3.328029446985107 9999.0 9999.0 9999.0 9999.0 9999.0 9999.0 9999.0 9999.0 9999.0 9999.0 9999.0 9999.0 9999.0 9999.0 9999.0 9999.0 9999.0 9999.0 9999.0 9999.0 9999.0 9999.0 9999.0 9999.0 9999.0 9999.0 9999.0 2.2 2.745906043549196 1.562049935181331 3.8013155617496426 3.623534186398688 3.2310988842807022
9999.0 9999.0 9999.0 9999.0 9999.0 3.592227860256084 5.116089229088954 5.5280177279021085 9999.0 9999.0 9999.0 9999.0 9999.0 9999.0 9999.0 9999.0 9999.0 9999.0 9999.0 9999.0 9999.0 9999.0 9999.0 9999.0 9999.0 9999.0 9999.0 9999.0 9999.0 9999.0 9999.0 9999.0 9999.0 9999.0 2.2 9999.0 1.503329637837291 3.54400902933387 6.000833275470999 1.9723082923316018 4.534313619501853
9999.0 9999.0 9999.0 9999.0 9999.0 4.1322029233811834 5.6985409536126 5.82808544892746 9999.0 9999.0 9999.0 9999.0 9999.0 9999.0 9999.0 9999.0 9999.0 9999.0 9999.0 9999.0 9999.0 9999.0 9999.0 9999.0 9999.0 9999.0 9999.0 9999.0 9999.0 9999.0 9999.0 9999.0 9999.0 9999.0 2.745906043549196 1.503329637837291 9999.0 4.301162633521313 6.25859409132754 3.3241540277189325 5.7008771254956905
9999.0 9999.0 9999.0 9999.0 9999.0 0.6245806593227171 1.6150445814280174 2.34533153306734 9999.0 9999.0 9999.0 9999.0 9999.0 9999.0 9999.0 9999.0 9999.0 9999.0 9999.0 9999.0 9999.0 9999.0 9999.0 9999.0 9999.0 9999.0 9999.0 9999.0 9999.0 9999.0 9999.0 9999.0 9999.0 9999.0 1.562049935181331 3.54400902933387 4.301162633521313 9999.0 2.823118842698621 4.455333881989094 2.0
9999.0 9999.0 9999.0 9999.0 9999.0 2.4807057463552584 1.485519774355091 0.4855718278483627 9999.0 9999.0 9999.0 9999.0 9999.0 9999.0 9999.0 9999.0 9999.0 9999.0 9999.0 9999.0 9999.0 9999.0 9999.0 9999.0 9999.0 9999.0 9999.0 9999.0 9999.0 9999.0 9999.0 9999.0 9999.0 9999.0 3.8013155617496426 6.000833275470999 6.25859409132754 2.823118842698621 9999.0 7.227724399837061 4.045985664828781
9999.0 9999.0 9999.0 9999.0 9999.0 4.751578790254878 6.054219107366366 6.742208836872379 9999.0 9999.0 9999.0 9999.0 9999.0 9999.0 9999.0 9999.0 9999.0 9999.0 9999.0 9999.0 9999.0 9999.0 9999.0 9999.0 9999.0 9999.0 9999.0 9999.0 9999.0 9999.0 9999.0 9999.0 9999.0 9999.0 3.623534186398688 1.9723082923316018 3.3241540277189325 4.455333881989094 7.227724399837061 9999.0 4.588027898781785
9999.0 9999.0 9999.0 9999.0 9999.0 2.606549635053973 2.5613217291078447 3.666685151468558 9999.0 9999.0 9999.0 9999.0 9999.0 9999.0 9999.0 9999.0 9999.0 9999.0 9999.0 9999.0 9999.0 9999.0 9999.0 9999.0 9999.0 9999.0 9999.0 9999.0 9999.0 9999.0 9999.0 9999.0 9999.0 9999.0 3.2310988842807022 4.534313619501853 5.7008771254956905 2.0 4.045985664828781 4.588027898781785 9999.0
-1 -1 -1 -1 -1 -1 -1 -1 -1 -1 -1 -1 -1 -1 -1 -1 -1 -1 -1 -1 -1 -1 -1 -1 -1 -1 -1 -1 -1 -1 -1 -1 -1 -1 -1 -1 -1 -1 -1 -1 -1 -1 -1 -1 -1 -1 -1 -1 -1 -1 -1 -1 -1 -1 -1 -1 -1 -1 -1 -1 -1 -1 -1 -1 -1 -1 -1 -1 -1 -1 -1 -1 -1 -1 -1 -1 -1 -1 -1 -1 -1 -1 -1 -1 -1 -1 -1 -1 -1 -1 -1 -1 -1 -1 -1 -1 -1 -1 -1 -1
9999.0 9999.0 11.305445457831372 11.698189646265783 11.965476881428504 10.768286771812868 11.568977223592412 10.71086686501144 2.7115274293283482 4.6723849370530255 0.5151514340463395 6.868491901429309 3.9368491208071466 7.98531032584207 4.803142825275967 6.867530924575441 5.351708231957344 9.107171954015143 3.023008600715519 8.140674480655765 5.004695894857149 9999.0 9999.0 9999.0 9999.0 9999.0 9999.0 9999.0 9999.0 9999.0 9999.0 9999.0 9999.0 9999.0 9999.0 9999.0 9999.0 9999.0 9999.0 9999.0 9999.0 9999.0
9999.0 9999.0 10.8703910233257 11.26796507804315 11.235277522162058 11.798168756209582 12.760891034720107 11.992035732101535 1.546879762618931 2.839513514671131 1.3286222186912275 5.0337299291876985 5.571753494188342 6.149832274135612 3.243306491838229 5.034862162959379 7.187352572401051 7.443066370791006 1.2042578627519938 6.383685220936258 5.9382856953838115 9999.0 9999.0 9999.0 9999.0 9999.0 9999.0 9999.0 9999.0 9999.0 9999.0 9999.0 9999.0 9999.0 9999.0 9999.0 9999.0 9999.0 9999.0 9999.0 9999.0 9999.0
11.305445457831372 10.8703910233257 9999.0 9999.0 9999.0 9.06515179133808 10.627394083217203 10.86640336081815 9999.0 9999.0 9999.0 9999.0 9999.0 9999.0 9999.0 9999.0 9999.0 9999.0 9999.0 9999.0 9999.0 3.826725231839882 3.4078183637042634 5.903645145162436 6.136857990861448 2.022134021275544 4.578845487674814 2.8979692890022144 4.448867945893651 5.219236151009072 5.674929603087601 4.63993814613945 4.596958342208465 2.183443610446581 9999.0 9999.0 9999.0 9999.0 9999.0 9999.0 9999.0 9999.0
11.698189646265783 11.26796507804315 9999.0 9999.0 9999.0 9.197160485715143 10.752471762343763 11.028894776903078 9999.0 9999.0 9999.0 9999.0 9999.0 9999.0 9999.0 9999.0 9999.0 9999.0 9999.0 9999.0 9999.0 3.45301317692244 3.1710093030453255 6.041465054107324 6.246062759851201 2.4114933132812126 4.210855020064215 3.152031091217217 4.703328608549481 5.48537145506118 5.3001226400905095 4.616416359038686 4.376448331695463 2.339081016125778 9999.0 9999.0 9999.0 9999.0 9999.0 9999.0 9999.0 9999.0
11.965476881428504 11.235277522162058 9999.0 9999.0 9999.0 11.014929731959255 12.581607091305942 12.776891719037147 9999.0 9999.0 9999.0 9999.0 9999.0 9999.0 9999.0 9999.0 9999.0 9999.0 9999.0 9999.0 9999.0 3.5053801505685516 2.071494629488573 4.167120108660176 4.3173244029143785 3.252459069688656 5.46356019459839 1.9580832464428062 3.301255821653329 4.095740470293497 6.4283349321577825 6.601521794253201 6.230272064685458 0.8850367224019576 9999.0 9999.0 9999.0 9999.0 9999.0 9999.0 9999.0 9999.0
10.768286771812868 11.798168756209582 9.06515179133808 9.197160485715143 11.014929731959255 9999.0 9999.0 9999.0 9999.0 9999.0 9999.0 9999.0 9999.0 9999.0 9999.0 9999.0 9999.0 9999.0 9999.0 9999.0 9999.0 9999.0 9999.0 9999.0 9999.0 9999.0 9999.0 9999.0 9999.0 9999.0 9999.0 9999.0 9999.0 9999.0 4.2677044180683374 4.654879268036927 1.8166730580927324 5.606094986708663 3.9468089642140014 1.274009811579173 1.8837996177937824 2.777283024828402
