9999.0 9999.0 16.14578351304142 16.512034406759213 18.755595545063347 18.50345001614564 18.10802491300473 16.42445786776538 8.972715140914707 5.733621630348484 4.8357850448505255 2.35440374617439 11.25056518580289 5.9555198765515005 4.665567168094357 9.605395202697284 9999.0 9999.0 9999.0 9999.0 9999.0 9999.0 9999.0 9999.0 9999.0 9999.0 9999.0 9999.0 9999.0 9999.0 9999.0 9999.0 9999.0 9999.0
9999.0 9999.0 13.770680538738818 14.17981283374361 16.257668052337642 18.2125271516613 18.17044526146787 16.499220663413166 6.226476150279546 2.9876253530186814 5.626873488003795 4.68611835637983 8.730910906085343 7.3011441055494855 4.272464774576848 11.544804253429332 9999.0 9999.0 9999.0 9999.0 9999.0 9999.0 9999.0 9999.0 9999.0 9999.0 9999.0 9999.0 9999.0 9999.0 9999.0 9999.0 9999.0 9999.0
16.14578351304142 13.770680538738818 9999.0 9999.0 9999.0 15.28827440393454 16.975878607600844 16.01478847815356 9999.0 9999.0 9999.0 9999.0 9999.0 9999.0 9999.0 9999.0 8.06856748438036 12.84561720004142 8.339720094223788 4.724101104972246 9.71475842468561 8.409600540453749 6.585926757108675 9.322512067570628 7.4605550229188715 4.67935692697191 9999.0 9999.0 9999.0 9999.0 9999.0 9999.0 9999.0 9999.0
16.512034406759213 14.17981283374361 9999.0 9999.0 9999.0 14.95416233862666 16.693340618342393 15.778158970551667 9999.0 9999.0 9999.0 9999.0 9999.0 9999.0 9999.0 9999.0 7.59034342108445 13.03860856264962 7.74905240981115 5.260428998665413 9.13022251919415 7.8851387590834445 6.6801244936004 9.358259092908254 6.899725592369598 5.086109834637864 9999.0 9999.0 9999.0 9999.0 9999.0 9999.0 9999.0 9999.0
18.755595545063347 16.257668052337642 9999.0 9999.0 9999.0 17.66117791230245 19.50171050190213 18.659818648636435 9999.0 9999.0 9999.0 9999.0 9999.0 9999.0 9999.0 9999.0 9.896797777564215 10.171573440230375 8.189508913848254 4.551313683981801 9.308853648543414 7.2296615584686945 3.7217007201009595 6.3730805934022206 8.6576155060155 3.375441637771271 9999.0 9999.0 9999.0 9999.0 9999.0 9999.0 9999.0 9999.0
18.50345001614564 18.2125271516613 15.28827440393454 14.95416233862666 17.66117791230245 9999.0 9999.0 9999.0 9999.0 9999.0 9999.0 9999.0 9999.0 9999.0 9999.0 9999.0 9999.0 9999.0 9999.0 9999.0 9999.0 9999.0 9999.0 9999.0 9999.0 9999.0 3.1938751541035537 2.621314269598363 8.98933192734588 6.1985593890838855 3.4813917475630345 12.085058481447247 8.817028325915711 5.704952979648474
18.10802491300473 18.17044526146787 16.975878607600844 16.693340618342393 19.50171050190213 9999.0 9999.0 9999.0 9999.0 9999.0 9999.0 9999.0 9999.0 9999.0 9999.0 9999.0 9999.0 9999.0 9999.0 9999.0 9999.0 9999.0 9999.0 9999.0 9999.0 9999.0 0.9917314404615798 4.925330572662103 8.436073212697954 8.429429473576489 5.0550500739359645 14.218538295127248 6.639855514241256 4.830634663271484
16.42445786776538 16.499220663413166 16.01478847815356 15.778158970551667 18.659818648636435 9999.0 9999.0 9999.0 9999.0 9999.0 9999.0 9999.0 9999.0 9999.0 9999.0 9999.0 9999.0 9999.0 9999.0 9999.0 9999.0 9999.0 9999.0 9999.0 9999.0 9999.0 2.382967530202625 5.54436058080641 6.752531691891568 8.256432901077801 4.373932355444011 15.059476559628493 5.976741106154758 3.1564195301005222
8.972715140914707 6.226476150279546 9999.0 9999.0 9999.0 9999.0 9999.0 9999.0 9999.0 3.3541019662496843 10.026464980241043 10.805207078071202 4.8373546489791295 11.947384651043926 7.830229881682912 16.517036659158933 9999.0 9999.0 9999.0 9999.0 9999.0 9999.0 9999.0 9999.0 9999.0 9999.0 9999.0 9999.0 9999.0 9999.0 9999.0 9999.0 9999.0 9999.0
5.733621630348484 2.9876253530186814 9999.0 9999.0 9999.0 9999.0 9999.0 9999.0 3.3541019662496843 9999.0 7.800000000000001 7.459390055493814 6.037383539249432 9.66074531286277 5.8576872569299905 14.123119343827694 9999.0 9999.0 9999.0 9999.0 9999.0 9999.0 9999.0 9999.0 9999.0 9999.0 9999.0 9999.0 9999.0 9999.0 9999.0 9999.0 9999.0 9999.0
4.8357850448505255 5.626873488003795 9999.0 9999.0 9999.0 9999.0 9999.0 9999.0 10.026464980241043 7.800000000000001 9999.0 6.723280449304491 13.829316685939332 1.9209372712298547 2.2299103120977755 6.491725502514721 9999.0 9999.0 9999.0 9999.0 9999.0 9999.0 9999.0 9999.0 9999.0 9999.0 9999.0 9999.0 9999.0 9999.0 9999.0 9999.0 9999.0 9999.0
2.35440374617439 4.68611835637983 9999.0 9999.0 9999.0 9999.0 9999.0 9999.0 10.805207078071202 7.459390055493814 6.723280449304491 9999.0 12.330145984537246 7.386643351347079 6.948740893140281 10.200000000000001 9999.0 9999.0 9999.0 9999.0 9999.0 9999.0 9999.0 9999.0 9999.0 9999.0 9999.0 9999.0 9999.0 9999.0 9999.0 9999.0 9999.0 9999.0
11.25056518580289 8.730910906085343 9999.0 9999.0 9999.0 9999.0 9999.0 9999.0 4.8373546489791295 6.037383539249432 13.829316685939332 12.330145984537246 9999.0 15.697770542341356 11.815773355984787 20.1497518595143 9999.0 9999.0 9999.0 9999.0 9999.0 9999.0 9999.0 9999.0 9999.0 9999.0 9999.0 9999.0 9999.0 9999.0 9999.0 9999.0 9999.0 9999.0
5.9555198765515005 7.3011441055494855 9999.0 9999.0 9999.0 9999.0 9999.0 9999.0 11.947384651043926 9.66074531286277 1.9209372712298547 7.386643351347079 15.697770542341356 9999.0 4.137934267240116 4.5719251962384515 9999.0 9999.0 9999.0 9999.0 9999.0 9999.0 9999.0 9999.0 9999.0 9999.0 9999.0 9999.0 9999.0 9999.0 9999.0 9999.0 9999.0 9999.0
4.665567168094357 4.272464774576848 9999.0 9999.0 9999.0 9999.0 9999.0 9999.0 7.830229881682912 5.8576872569299905 2.2299103120977755 6.948740893140281 11.815773355984787 4.137934267240116 9999.0 8.707755164219995 9999.0 9999.0 9999.0 9999.0 9999.0 9999.0 9999.0 9999.0 9999.0 9999.0 9999.0 9999.0 9999.0 9999.0 9999.0 9999.0 9999.0 9999.0
9.605395202697284 11.544804253429332 9999.0 9999.0 9999.0 9999.0 9999.0 9999.0 16.517036659158933 14.123119343827694 6.491725502514721 10.200000000000001 20.1497518595143 4.5719251962384515 8.707755164219995 9999.0 9999.0 9999.0 9999.0 9999.0 9999.0 9999.0 9999.0 9999.0 9999.0 9999.0 9999.0 9999.0 9999.0 9999.0 9999.0 9999.0 9999.0 9999.0
9999.0 9999.0 8.06856748438036 7.59034342108445 9.896797777564215 9999.0 9999.0 9999.0 9999.0 9999.0 9999.0 9999.0 9999.0 9999.0 9999.0 9999.0 9999.0 19.892963580120487 6.02432568840696 12.764109839702883 7.1780916684032405 8.595929269136642 13.397947604017565 15.574739163144915 2.2847319317591728 12.657013865837392 9999.0 9999.0 9999.0 9999.0 9999.0 9999.0 9999.0 9999.0
9999.0 9999.0 12.84561720004142 13.03860856264962 10.171573440230375 9999.0 9999.0 9999.0 9999.0 9999.0 9999.0 9999.0 9999.0 9999.0 9999.0 9999.0 19.892963580120487 9999.0 16.484310722623498 10.067894516729902 16.966584806613263 14.10319112825179 6.507303589045159 4.65966737010272 18.309833423600555 8.720665112249181 9999.0 9999.0 9999.0 9999.0 9999.0 9999.0 9999.0 9999.0
9999.0 9999.0 8.339720094223788 7.74905240981115 8.189508913848254 9999.0 9999.0 9999.0 9999.0 9999.0 9999.0 9999.0 9999.0 9999.0 9999.0 9999.0 6.02432568840696 16.484310722623498 9999.0 12.503199590504826 1.4773286702694157 2.8814059068447815 10.52675163571365 11.837651794169314 3.75 11.561682403525882 9999.0 9999.0 9999.0 9999.0 9999.0 9999.0 9999.0 9999.0
9999.0 9999.0 4.724101104972246 5.260428998665413 4.551313683981801 9999.0 9999.0 9999.0 9999.0 9999.0 9999.0 9999.0 9999.0 9999.0 9999.0 9999.0 12.764109839702883 10.067894516729902 12.503199590504826 9999.0 13.728892890542921 11.77762709547216 5.558102194094672 8.149846624323676 12.15370313937279 1.8062391868188443 9999.0 9999.0 9999.0 9999.0 9999.0 9999.0 9999.0 9999.0
9999.0 9999.0 9.71475842468561 9.13022251919415 9.308853648543414 9999.0 9999.0 9999.0 9999.0 9999.0 9999.0 9999.0 9999.0 9999.0 9999.0 9999.0 7.1780916684032405 16.966584806613263 1.4773286702694157 13.728892890542921 9999.0 2.885307609250702 11.29690223025764 12.308228954646564 4.970412457734267 12.680102523244834 9999.0 9999.0 9999.0 9999.0 9999.0 9999.0 9999.0 9999.0
9999.0 9999.0 8.409600540453749 7.8851387590834445 7.2296615584686945 9999.0 9999.0 9999.0 9999.0 9999.0 9999.0 9999.0 9999.0 9999.0 9999.0 9999.0 8.595929269136642 14.10319112825179 2.8814059068447815 11.77762709547216 2.885307609250702 9999.0 8.635102778774552 9.45 6.328506932918696 10.5 9999.0 9999.0 9999.0 9999.0 9999.0 9999.0 9999.0 9999.0
9999.0 9999.0 6.585926757108675 6.6801244936004 3.7217007201009595 9999.0 9999.0 9999.0 9999.0 9999.0 9999.0 9999.0 9999.0 9999.0 9999.0 9999.0 13.397947604017565 6.507303589045159 10.52675163571365 5.558102194094672 11.29690223025764 8.635102778774552 9999.0 2.81824413420839 11.896428035339012 3.7529988009590416 9999.0 9999.0 9999.0 9999.0 9999.0 9999.0 9999.0 9999.0
9999.0 9999.0 9.322512067570628 9.358259092908254 6.3730805934022206 9999.0 9999.0 9999.0 9999.0 9999.0 9999.0 9999.0 9999.0 9999.0 9999.0 9999.0 15.574739163144915 4.65966737010272 11.837651794169314 8.149846624323676 12.308228954646564 9.45 2.81824413420839 9999.0 13.846389421072919 6.38690065681313 9999.0 9999.0 9999.0 9999.0 9999.0 9999.0 9999.0 9999.0
9999.0 9999.0 7.4605550229188715 6.899725592369598 8.6576155060155 9999.0 9999.0 9999.0 9999.0 9999.0 9999.0 9999.0 9999.0 9999.0 9999.0 9999.0 2.2847319317591728 18.309833423600555 3.75 12.15370313937279 4.970412457734267 6.328506932918696 11.896428035339012 13.846389421072919 9999.0 11.734564329364767 9999.0 9999.0 9999.0 9999.0 9999.0 9999.0 9999.0 9999.0
9999.0 9999.0 4.67935692697191 5.086109834637864 3.375441637771271 9999.0 9999.0 9999.0 9999.0 9999.0 9999.0 9999.0 9999.0 9999.0 9999.0 9999.0 12.657013865837392 8.720665112249181 11.561682403525882 1.8062391868188443 12.680102523244834 10.5 3.7529988009590416 6.38690065681313 11.734564329364767 9999.0 9999.0 9999.0 9999.0 9999.0 9999.0 9999.0 9999.0 9999.0
9999.0 9999.0 9999.0 9999.0 9999.0 3.1938751541035537 0.9917314404615798 2.382967530202625 9999.0 9999.0 9999.0 9999.0 9999.0 9999.0 9999.0 9999.0 9999.0 9999.0 9999.0 9999.0 9999.0 9999.0 9999.0 9999.0 9999.0 9999.0 9999.0 5.654423047491229 9.001249913206498 9.355479677707605 6.046693311223913 14.72752525036029 6.265979572261627 5.377034498680477
9999.0 9999.0 9999.0 9999.0 9999.0 2.621314269598363 4.925330572662103 5.54436058080641 9999.0 9999.0 9999.0 9999.0 9999.0 9999.0 9999.0 9999.0 9999.0 9999.0 9999.0 9999.0 9999.0 9999.0 9999.0 9999.0 9999.0 9999.0 5.654423047491229 9999.0 10.777058968011634 4.431986010808247 3.8710463701691817 9.525885785584457 11.43547113152755 7.883210006082548
9999.0 9999.0 9999.0 9999.0 9999.0 8.98933192734588 8.436073212697954 6.752531691891568 9999.0 9999.0 9999.0 9999.0 9999.0 9999.0 9999.0 9999.0 9999.0 9999.0 9999.0 9999.0 9999.0 9999.0 9999.0 9999.0 9999.0 9999.0 9.001249913206498 10.777058968011634 9999.0 10.855067940828375 7.249827584156742 19.72086458550943 7.49699939975988 3.624913792078371
9999.0 9999.0 9999.0 9999.0 9999.0 6.1985593890838855 8.429429473576489 8.256432901077801 9999.0 9999.0 9999.0 9999.0 9999.0 9999.0 9999.0 9999.0 9999.0 9999.0 9999.0 9999.0 9999.0 9999.0 9999.0 9999.0 9999.0 9999.0 9.355479677707605 4.431986010808247 10.855067940828375 9999.0 4.1487950057818 9.27820025651527 14.097606179773928 9.228353049163216
9999.0 9999.0 9999.0 9999.0 9999.0 3.4813917475630345 5.0550500739359645 4.373932355444011 9999.0 9999.0 9999.0 9999.0 9999.0 9999.0 9999.0 9999.0 9999.0 9999.0 9999.0 9999.0 9999.0 9999.0 9999.0 9999.0 9999.0 9999.0 6.046693311223913 3.8710463701691817 7.249827584156742 4.1487950057818 9999.0 12.482487732819928 10.006248048094749 5.1088159097779196
9999.0 9999.0 9999.0 9999.0 9999.0 12.085058481447247 14.218538295127248 15.059476559628493 9999.0 9999.0 9999.0 9999.0 9999.0 9999.0 9999.0 9999.0 9999.0 9999.0 9999.0 9999.0 9999.0 9999.0 9999.0 9999.0 9999.0 9999.0 14.72752525036029 9.525885785584457 19.72086458550943 9.27820025651527 12.482487732819928 9999.0 20.852158161686766 17.281275994555497
9999.0 9999.0 9999.0 9999.0 9999.0 8.817028325915711 6.639855514241256 5.976741106154758 9999.0 9999.0 9999.0 9999.0 9999.0 9999.0 9999.0 9999.0 9999.0 9999.0 9999.0 9999.0 9999.0 9999.0 9999.0 9999.0 9999.0 9999.0 6.265979572261627 11.43547113152755 7.49699939975988 14.097606179773928 10.006248048094749 20.852158161686766 9999.0 5.51951084789223
9999.0 9999.0 9999.0 9999.0 9999.0 5.704952979648474 4.830634663271484 3.1564195301005222 9999.0 9999.0 9999.0 9999.0 9999.0 9999.0 9999.0 9999.0 9999.0 9999.0 9999.0 9999.0 9999.0 9999.0 9999.0 9999.0 9999.0 9999.0 5.377034498680477 7.883210006082548 3.624913792078371 9.228353049163216 5.1088159097779196 17.281275994555497 5.51951084789223 9999.0
-1 -1 -1 -1 -1 -1 -1 -1 -1 -1 -1 -1 -1 -1 -1 -1 -1 -1 -1 -1 -1 -1 -1 -1 -1 -1 -1 -1 -1 -1 -1 -1 -1 -1 -1 -1 -1 -1 -1 -1 -1 -1 -1 -1 -1 -1 -1 -1 -1 -1 -1 -1 -1 -1 -1 -1 -1 -1 -1 -1 -1 -1 -1 -1 -1 -1 -1 -1 -1 -1 -1 -1 -1 -1 -1 -1 -1 -1 -1 -1 -1 -1 -1 -1 -1 -1 -1 -1 -1 -1 -1 -1 -1 -1 -1 -1 -1 -1 -1 -1
9999.0 9999.0 16.14578351304142 16.512034406759213 18.755595545063347 18.50345001614564 18.10802491300473 16.42445786776538 5.3767943051599065 8.029926338391903 2.2693428564234184 5.628909041723804 8.278756971913115 6.2542719000695834 6.590046813187293 11.20158100448325 9999.0 9999.0 9999.0 9999.0 9999.0 9999.0 9999.0 9999.0 9999.0 9999.0 9999.0 9999.0 9999.0 9999.0 9999.0 9999.0 9999.0 9999.0
9999.0 9999.0 13.770680538738818 14.17981283374361 16.257668052337642 18.2125271516613 18.17044526146787 16.499220663413166 5.128348198981812 7.554949056744195 3.9599059647925987 3.2285453767912258 7.154900785475645 4.910769313457923 3.8833690592061934 9.050541710306627 9999.0 9999.0 9999.0 9999.0 9999.0 9999.0 9999.0 9999.0 9999.0 9999.0 9999.0 9999.0 9999.0 9999.0 9999.0 9999.0 9999.0 9999.0
16.14578351304142 13.770680538738818 9999.0 9999.0 9999.0 15.28827440393454 16.975878607600844 16.01478847815356 9999.0 9999.0 9999.0 9999.0 9999.0 9999.0 9999.0 9999.0 7.807860222237588 7.416241045839867 8.33348554027665 5.479236374715002 6.09364269136286 4.888740251844027 10.478605882940727 6.1736116860392185 5.583290360531144 4.416353841122788 9999.0 9999.0 9999.0 9999.0 9999.0 9999.0 9999.0 9999.0
16.512034406759213 14.17981283374361 9999.0 9999.0 9999.0 14.95416233862666 16.693340618342393 15.778158970551667 9999.0 9999.0 9999.0 9999.0 9999.0 9999.0 9999.0 9999.0 7.367629418612204 7.877859052432964 8.642645037834193 6.017882787991138 5.851022410656107 4.610961206733363 10.769406355505394 6.591286919107679 5.7005756946119055 4.219272834268957 9999.0 9999.0 9999.0 9999.0 9999.0 9999.0 9999.0 9999.0
18.755595545063347 16.257668052337642 9999.0 9999.0 9999.0 17.66117791230245 19.50171050190213 18.659818648636435 9999.0 9999.0 9999.0 9999.0 9999.0 9999.0 9999.0 9999.0 9.83952266372714 6.199778725890142 6.1359763892961645 7.510256736623588 8.764394231776661 7.500633723226326 8.15313474989835 4.7342587857023615 8.564937609229855 1.805133305326784 9999.0 9999.0 9999.0 9999.0 9999.0 9999.0 9999.0 9999.0
18.50345001614564 18.2125271516613 15.28827440393454 14.95416233862666 17.66117791230245 9999.0 9999.0 9999.0 9999.0 9999.0 9999.0 9999.0 9999.0 9999.0 9999.0 9999.0 9999.0 9999.0 9999.0 9999.0 9999.0 9999.0 9999.0 9999.0 9999.0 9999.0 3.4789349663366806 5.566820322230636 6.755515413349303 1.851455778569934 10.960362151863412 7.029337699954386 0.6157422350302113 2.4874260793036647
18.10802491300473 18.17044526146787 16.975878607600844 16.693340618342393 19.50171050190213 9999.0 9999.0 9999.0 9999.0 9999.0 9999.0 9999.0 9999.0 9999.0 9999.0 9999.0 9999.0 9999.0 9999.0 9999.0 9999.0 9999.0 9999.0 9999.0 9999.0 9999.0 4.145736514782385 6.392275123146687 5.0862000796272255 4.1107458264893975 9.300619939014819 9.11925058598567 2.6966333176759494 4.736515728887639
16.42445786776538 16.499220663413166 16.01478847815356 15.778158970551667 18.659818648636435 9999.0 9999.0 9999.0 9999.0 9999.0 9999.0 9999.0 9999.0 9999.0 9999.0 9999.0 9999.0 9999.0 9999.0 9999.0 9999.0 9999.0 9999.0 9999.0 9999.0 9999.0 2.982244834013465 5.1044523947236495 3.771297422638527 4.26084313839409 7.994225056251544 10.01910097014697 2.988199165049077 4.7994827065007755
5.3767943051599065 5.128348198981812 9999.0 9999.0 9999.0 9999.0 9999.0 9999.0 9999.0 12.63299251958933 3.7107950630558943 4.512482686947397 12.275280037538858 10.026464980241043 6.222740553807462 7.532927717693832 9999.0 9999.0 9999.0 9999.0 9999.0 9999.0 9999.0 9999.0 9999.0 9999.0 9999.0 9999.0 9999.0 9999.0 9999.0 9999.0 9999.0 9999.0
8.029926338391903 7.554949056744195 9999.0 9999.0 9999.0 9999.0 9999.0 9999.0 12.63299251958933 9999.0 10.28895038378551 9.943088051505931 1.909188309203678 3.15 9.304837451562495 15.300735276449952 9999.0 9999.0 9999.0 9999.0 9999.0 9999.0 9999.0 9999.0 9999.0 9999.0 9999.0 9999.0 9999.0 9999.0 9999.0 9999.0 9999.0 9999.0
2.2693428564234184 3.9599059647925987 9999.0 9999.0 9999.0 9999.0 9999.0 9999.0 3.7107950630558943 10.28895038378551 9999.0 5.772564421468157 10.445214215132209 8.335466393669883 7.170251041630273 10.625676449054902 9999.0 9999.0 9999.0 9999.0 9999.0 9999.0 9999.0 9999.0 9999.0 9999.0 9999.0 9999.0 9999.0 9999.0 9999.0 9999.0 9999.0 9999.0
5.628909041723804 3.2285453767912258 9999.0 9999.0 9999.0 9999.0 9999.0 9999.0 4.512482686947397 9.943088051505931 5.772564421468157 9999.0 9.024965373894794 6.882041848172677 1.710263137648707 5.834595101633017 9999.0 9999.0 9999.0 9999.0 9999.0 9999.0 9999.0 9999.0 9999.0 9999.0 9999.0 9999.0 9999.0 9999.0 9999.0 9999.0 9999.0 9999.0
8.278756971913115 7.154900785475645 9999.0 9999.0 9999.0 9999.0 9999.0 9999.0 12.275280037538858 1.909188309203678 10.445214215132209 9.024965373894794 9999.0 2.25 8.119421161634616 14.030413393767127 9999.0 9999.0 9999.0 9999.0 9999.0 9999.0 9999.0 9999.0 9999.0 9999.0 9999.0 9999.0 9999.0 9999.0 9999.0 9999.0 9999.0 9999.0
6.2542719000695834 4.910769313457923 9999.0 9999.0 9999.0 9999.0 9999.0 9999.0 10.026464980241043 3.15 8.335466393669883 6.882041848172677 2.25 9999.0 6.157312725532138 12.150925890647182 9999.0 9999.0 9999.0 9999.0 9999.0 9999.0 9999.0 9999.0 9999.0 9999.0 9999.0 9999.0 9999.0 9999.0 9999.0 9999.0 9999.0 9999.0
6.590046813187293 3.8833690592061934 9999.0 9999.0 9999.0 9999.0 9999.0 9999.0 6.222740553807462 9.304837451562495 7.170251041630273 1.710263137648707 8.119421161634616 6.157312725532138 9999.0 6.0018747071227665 9999.0 9999.0 9999.0 9999.0 9999.0 9999.0 9999.0 9999.0 9999.0 9999.0 9999.0 9999.0 9999.0 9999.0 9999.0 9999.0 9999.0 9999.0
11.20158100448325 9.050541710306627 9999.0 9999.0 9999.0 9999.0 9999.0 9999.0 7.532927717693832 15.300735276449952 10.625676449054902 5.834595101633017 14.030413393767127 12.150925890647182 6.0018747071227665 9999.0 9999.0 9999.0 9999.0 9999.0 9999.0 9999.0 9999.0 9999.0 9999.0 9999.0 9999.0 9999.0 9999.0 9999.0 9999.0 9999.0 9999.0 9999.0
9999.0 9999.0 7.807860222237588 7.367629418612204 9.83952266372714 9999.0 9999.0 9999.0 9999.0 9999.0 9999.0 9999.0 9999.0 9999.0 9999.0 9999.0 9999.0 15.224076326661004 15.906366649866964 11.114180131705622 3.189043743820395 3.5114099732158874 17.978111691721132 13.95886814895821 6.723280449304491 10.084641788382967 9999.0 9999.0 9999.0 9999.0 9999.0 9999.0 9999.0 9999.0
9999.0 9999.0 7.416241045839867 7.877859052432964 6.199778725890142 9999.0 9999.0 9999.0 9999.0 9999.0 9999.0 9999.0 9999.0 9999.0 9999.0 9999.0 15.224076326661004 9999.0 2.853944638566067 7.337744885181006 13.248490480050924 12.15370313937279 4.494997219131509 1.4773286702694157 11.423659658795861 7.386643351347079 9999.0 9999.0 9999.0 9999.0 9999.0 9999.0 9999.0 9999.0
9999.0 9999.0 8.33348554027665 8.642645037834193 6.1359763892961645 9999.0 9999.0 9999.0 9999.0 9999.0 9999.0 9999.0 9999.0 9999.0 9999.0 9999.0 15.906366649866964 2.853944638566067 9999.0 9.75 14.422638454873644 13.221289649652185 2.1633307652783933 2.704163456597992 13.194885372749548 6.642476947645359 9999.0 9999.0 9999.0 9999.0 9999.0 9999.0 9999.0 9999.0
9999.0 9999.0 5.479236374715002 6.017882787991138 7.510256736623588 9999.0 9999.0 9999.0 9999.0 9999.0 9999.0 9999.0 9999.0 9999.0 9999.0 9999.0 11.114180131705622 7.337744885181006 9.75 9999.0 8.185658189785352 7.604275113381946 11.735522996441189 7.051595564125895 5.102205405508485 9.29758033038704 9999.0 9999.0 9999.0 9999.0 9999.0 9999.0 9999.0 9999.0
9999.0 9999.0 6.09364269136286 5.851022410656107 8.764394231776661 9999.0 9999.0 9999.0 9999.0 9999.0 9999.0 9999.0 9999.0 9999.0 9999.0 9999.0 3.189043743820395 13.248490480050924 14.422638454873644 8.185658189785352 9999.0 1.2727922061357857 16.571436268471118 12.149074038789951 3.5401271163617833 9.567131231461184 9999.0 9999.0 9999.0 9999.0 9999.0 9999.0 9999.0 9999.0
9999.0 9999.0 4.888740251844027 4.610961206733363 7.500633723226326 9999.0 9999.0 9999.0 9999.0 9999.0 9999.0 9999.0 9999.0 9999.0 9999.0 9999.0 3.5114099732158874 12.15370313937279 13.221289649652185 7.604275113381946 1.2727922061357857 9999.0 15.362372863591093 11.006361796706486 3.578058132562969 8.2975900115636 9999.0 9999.0 9999.0 9999.0 9999.0 9999.0 9999.0 9999.0
9999.0 9999.0 10.478605882940727 10.769406355505394 8.15313474989835 9999.0 9999.0 9999.0 9999.0 9999.0 9999.0 9999.0 9999.0 9999.0 9999.0 9999.0 17.978111691721132 4.494997219131509 2.1633307652783933 11.735522996441189 16.571436268471118 15.362372863591093 9999.0 4.774149138851865 15.345520519030952 8.412044935685971 9999.0 9999.0 9999.0 9999.0 9999.0 9999.0 9999.0 9999.0
9999.0 9999.0 6.1736116860392185 6.591286919107679 4.7342587857023615 9999.0 9999.0 9999.0 9999.0 9999.0 9999.0 9999.0 9999.0 9999.0 9999.0 9999.0 13.95886814895821 1.4773286702694157 2.704163456597992 7.051595564125895 12.149074038789951 11.006361796706486 4.774149138851865 9999.0 10.620381349085351 5.9169248769948055 9999.0 9999.0 9999.0 9999.0 9999.0 9999.0 9999.0 9999.0
9999.0 9999.0 5.583290360531144 5.7005756946119055 8.564937609229855 9999.0 9999.0 9999.0 9999.0 9999.0 9999.0 9999.0 9999.0 9999.0 9999.0 9999.0 6.723280449304491 11.423659658795861 13.194885372749548 5.102205405508485 3.5401271163617833 3.578058132562969 15.345520519030952 10.620381349085351 9999.0 9.919299370419264 9999.0 9999.0 9999.0 9999.0 9999.0 9999.0 9999.0 9999.0
9999.0 9999.0 4.416353841122788 4.219272834268957 1.805133305326784 9999.0 9999.0 9999.0 9999.0 9999.0 9999.0 9999.0 9999.0 9999.0 9999.0 9999.0 10.084641788382967 7.386643351347079 6.642476947645359 9.29758033038704 9.567131231461184 8.2975900115636 8.412044935685971 5.9169248769948055 9.919299370419264 9999.0 9999.0 9999.0 9999.0 9999.0 9999.0 9999.0 9999.0 9999.0
9999.0 9999.0 9999.0 9999.0 9999.0 3.4789349663366806 4.145736514782385 2.982244834013465 9999.0 9999.0 9999.0 9999.0 9999.0 9999.0 9999.0 9999.0 9999.0 9999.0 9999.0 9999.0 9999.0 9999.0 9999.0 9999.0 9999.0 9999.0 9999.0 2.2549944567559366 5.316013544000805 3.2449961479175906 9.001249913206498 9.391485505499118 2.9584624384974028 3.4270978976387587
9999.0 9999.0 9999.0 9999.0 9999.0 5.566820322230636 6.392275123146687 5.1044523947236495 9999.0 9999.0 9999.0 9999.0 9999.0 9999.0 9999.0 9999.0 9999.0 9999.0 9999.0 9999.0 9999.0 9999.0 9999.0 9999.0 9999.0 9999.0 2.2549944567559366 9999.0 6.45174395028197 4.785916840063145 9.387891136991309 10.472105805424238 4.986231041578399 4.686149805543993
9999.0 9999.0 9999.0 9999.0 9999.0 6.755515413349303 5.0862000796272255 3.771297422638527 9999.0 9999.0 9999.0 9999.0 9999.0 9999.0 9999.0 9999.0 9999.0 9999.0 9999.0 9999.0 9999.0 9999.0 9999.0 9999.0 9999.0 9999.0 5.316013544000805 6.45174395028197 9999.0 7.805767098754612 4.234678264047932 13.76735268670052 6.683000822983639 8.25136352368504
9999.0 9999.0 9999.0 9999.0 9999.0 1.851455778569934 4.1107458264893975 4.26084313839409 9999.0 9999.0 9999.0 9999.0 9999.0 9999.0 9999.0 9999.0 9999.0 9999.0 9999.0 9999.0 9999.0 9999.0 9999.0 9999.0 9999.0 9999.0 3.2449961479175906 4.785916840063145 7.805767098754612 9999.0 11.861386934081528 6.184658438426491 1.4150971698084907 0.6363961030678928
9999.0 9999.0 9999.0 9999.0 9999.0 10.960362151863412 9.300619939014819 7.994225056251544 9999.0 9999.0 9999.0 9999.0 9999.0 9999.0 9999.0 9999.0 9999.0 9999.0 9999.0 9999.0 9999.0 9999.0 9999.0 9999.0 9999.0 9999.0 9.001249913206498 9.387891136991309 4.234678264047932 11.861386934081528 9999.0 17.93550947143682 10.84158659975559 12.242242441644423
9999.0 9999.0 9999.0 9999.0 9999.0 7.029337699954386 9.11925058598567 10.01910097014697 9999.0 9999.0 9999.0 9999.0 9999.0 9999.0 9999.0 9999.0 9999.0 9999.0 9999.0 9999.0 9999.0 9999.0 9999.0 9999.0 9999.0 9999.0 9.391485505499118 10.472105805424238 13.76735268670052 6.184658438426491 17.93550947143682 9999.0 7.0945401542312805 5.973692325521963
9999.0 9999.0 9999.0 9999.0 9999.0 0.6157422350302113 2.6966333176759494 2.988199165049077 9999.0 9999.0 9999.0 9999.0 9999.0 9999.0 9999.0 9999.0 9999.0 9999.0 9999.0 9999.0 9999.0 9999.0 9999.0 9999.0 9999.0 9999.0 2.9584624384974028 4.986231041578399 6.683000822983639 1.4150971698084907 10.84158659975559 7.0945401542312805 9999.0 2.040220576310316
9999.0 9999.0 9999.0 9999.0 9999.0 2.4874260793036647 4.736515728887639 4.7994827065007755 9999.0 9999.0 9999.0 9999.0 9999.0 9999.0 9999.0 9999.0 9999.0 9999.0 9999.0 9999.0 9999.0 9999.0 9999.0 9999.0 9999.0 9999.0 3.4270978976387587 4.686149805543993 8.25136352368504 0.6363961030678928 12.242242441644423 5.973692325521963 2.040220576310316 9999.0
-1 -1 -1 -1 -1 -1 -1 -1 -1 -1 -1 -1 -1 -1 -1 -1 -1 -1 -1 -1 -1 -1 -1 -1 -1 -1 -1 -1 -1 -1 -1 -1 -1 -1 -1 -1 -1 -1 -1 -1 -1 -1 -1 -1 -1 -1 -1 -1 -1 -1 -1 -1 -1 -1 -1 -1 -1 -1 -1 -1 -1 -1 -1 -1 -1 -1 -1 -1 -1 -1 -1 -1 -1 -1 -1 -1 -1 -1 -1 -1 -1 -1 -1 -1 -1 -1 -1 -1 -1 -1 -1 -1 -1 -1 -1 -1 -1 -1 -1 -1
9999.0 9999.0 16.14578351304142 16.512034406759213 18.755595545063347 18.50345001614564 18.10802491300473 16.42445786776538 7.8966775925068635 2.776601699920246 8.58299580566133 6.6077089070267006 0.8695498835604545 9.90218748560135 7.255543880371754 4.482378498074432 9999.0 9999.0 9999.0 9999.0 9999.0 9999.0 9999.0 9999.0 9999.0 9999.0 9999.0 9999.0 9999.0 9999.0 9999.0 9999.0 9999.0 9999.0 9999.0 9999.0
9999.0 9999.0 13.770680538738818 14.17981283374361 16.257668052337642 18.2125271516613 18.17044526146787 16.499220663413166 6.007433332963422 0.09568307060290236 5.842662513785989 5.651292352196974 3.6081373657331843 7.174528224907894 4.538651258909414 4.433120261170454 9999.0 9999.0 9999.0 9999.0 9999.0 9999.0 9999.0 9999.0 9999.0 9999.0 9999.0 9999.0 9999.0 9999.0 9999.0 9999.0 9999.0 9999.0 9999.0 9999.0
16.14578351304142 13.770680538738818 9999.0 9999.0 9999.0 15.28827440393454 16.975878607600844 16.01478847815356 9999.0 9999.0 9999.0 9999.0 9999.0 9999.0 9999.0 9999.0 6.938099974056299 4.5894913933899035 5.752676007737616 14.647369431061675 2.267196782372452 12.568597027910474 10.245068630809655 6.3080528889666105 7.070543207561919 5.947708066978406 8.996439920879814 8.544172356056496 9999.0 9999.0 9999.0 9999.0 9999.0 9999.0 9999.0 9999.0
16.512034406759213 14.17981283374361 9999.0 9999.0 9999.0 14.95416233862666 16.693340618342393 15.778158970551667 9999.0 9999.0 9999.0 9999.0 9999.0 9999.0 9999.0 9999.0 6.941438125489559 3.9972444571229313 5.176351345301051 14.05194339762298 2.2324903695201015 11.97889866598762 9.648920315247711 5.92800246710475 6.684367079237943 5.559218762560078 9.591572511846012 9.084567312205905 9999.0 9999.0 9999.0 9999.0 9999.0 9999.0 9999.0 9999.0
18.755595545063347 16.257668052337642 9999.0 9999.0 9999.0 17.66117791230245 19.50171050190213 18.659818648636435 9999.0 9999.0 9999.0 9999.0 9999.0 9999.0 9999.0 9999.0 3.963641791332814 5.50449418657155 6.861844230962984 14.823068381748769 0.7563109479572538 13.057999703247049 10.311627235795523 4.276243240275277 5.003669278639427 8.235262973943213 9.566334525302782 8.015310739453586 9999.0 9999.0 9999.0 9999.0 9999.0 9999.0 9999.0 9999.0
18.50345001614564 18.2125271516613 15.28827440393454 14.95416233862666 17.66117791230245 9999.0 9999.0 9999.0 9999.0 9999.0 9999.0 9999.0 9999.0 9999.0 9999.0 9999.0 9999.0 9999.0 9999.0 9999.0 9999.0 9999.0 9999.0 9999.0 9999.0 9999.0 9999.0 9999.0 12.14382305948172 6.682513636349723 4.292754185834545 5.357185688400207 4.050696051297852 8.116636526295853 7.853686300075907 6.660119255689045
18.10802491300473 18.17044526146787 16.975878607600844 16.693340618342393 19.50171050190213 9999.0 9999.0 9999.0 9999.0 9999.0 9999.0 9999.0 9999.0 9999.0 9999.0 9999.0 9999.0 9999.0 9999.0 9999.0 9999.0 9999.0 9999.0 9999.0 9999.0 9999.0 9999.0 9999.0 14.229800815542008 4.4012988139866165 6.42713242822956 6.292446364491317 6.118588991752919 8.73305681018966 10.04905126118879 6.081001665021971
16.42445786776538 16.499220663413166 16.01478847815356 15.778158970551667 18.659818648636435 9999.0 9999.0 9999.0 9999.0 9999.0 9999.0 9999.0 9999.0 9999.0 9999.0 9999.0 9999.0 9999.0 9999.0 9999.0 9999.0 9999.0 9999.0 9999.0 9999.0 9999.0 9999.0 9999.0 15.129654135174405 4.088481900412425 7.281877110333571 5.069554640202629 7.042175391879983 7.272044709020977 10.811701265295854 4.396559365003503
7.8966775925068635 6.007433332963422 9999.0 9999.0 9999.0 9999.0 9999.0 9999.0 9999.0 5.918825897084657 6.16644143732834 10.885081533916042 8.465370635713477 7.156116265125938 4.1487950057818 4.743416490252569 9999.0 9999.0 9999.0 9999.0 9999.0 9999.0 9999.0 9999.0 9999.0 9999.0 9999.0 9999.0 9999.0 9999.0 9999.0 9999.0 9999.0 9999.0 9999.0 9999.0
2.776601699920246 0.09568307060290236 9999.0 9999.0 9999.0 9999.0 9999.0 9999.0 5.918825897084657 9999.0 5.834595101633017 5.741297762701391 3.624913792078371 7.170251041630273 4.5 4.35 9999.0 9999.0 9999.0 9999.0 9999.0 9999.0 9999.0 9999.0 9999.0 9999.0 9999.0 9999.0 9999.0 9999.0 9999.0 9999.0 9999.0 9999.0 9999.0 9999.0
8.58299580566133 5.842662513785989 9999.0 9999.0 9999.0 9999.0 9999.0 9999.0 6.16644143732834 5.834595101633017 9999.0 7.022819946431775 9.4452368948587 1.3583077707206126 2.147673159491453 8.655922827752105 9999.0 9999.0 9999.0 9999.0 9999.0 9999.0 9999.0 9999.0 9999.0 9999.0 9999.0 9999.0 9999.0 9999.0 9999.0 9999.0 9999.0 9999.0 9999.0 9999.0
6.6077089070267006 5.651292352196974 9999.0 9999.0 9999.0 9999.0 9999.0 9999.0 10.885081533916042 5.741297762701391 7.022819946431775 9999.0 7.245170805439993 7.7217226057402515 7.5134878718209155 10.051119340650573 9999.0 9999.0 9999.0 9999.0 9999.0 9999.0 9999.0 9999.0 9999.0 9999.0 9999.0 9999.0 9999.0 9999.0 9999.0 9999.0 9999.0 9999.0 9999.0 9999.0
0.8695498835604545 3.6081373657331843 9999.0 9999.0 9999.0 9999.0 9999.0 9999.0 8.465370635713477 3.624913792078371 9.4452368948587 7.245170805439993 9999.0 10.767659912905867 8.077747210701757 4.65966737010272 9999.0 9999.0 9999.0 9999.0 9999.0 9999.0 9999.0 9999.0 9999.0 9999.0 9999.0 9999.0 9999.0 9999.0 9999.0 9999.0 9999.0 9999.0 9999.0 9999.0
9.90218748560135 7.174528224907894 9999.0 9999.0 9999.0 9999.0 9999.0 9999.0 7.156116265125938 7.170251041630273 1.3583077707206126 7.7217226057402515 10.767659912905867 9999.0 3.384154251803543 9.972462083156797 9999.0 9999.0 9999.0 9999.0 9999.0 9999.0 9999.0 9999.0 9999.0 9999.0 9999.0 9999.0 9999.0 9999.0 9999.0 9999.0 9999.0 9999.0 9999.0 9999.0
7.255543880371754 4.538651258909414 9999.0 9999.0 9999.0 9999.0 9999.0 9999.0 4.1487950057818 4.5 2.147673159491453 7.5134878718209155 8.077747210701757 3.384154251803543 9999.0 6.615323121359984 9999.0 9999.0 9999.0 9999.0 9999.0 9999.0 9999.0 9999.0 9999.0 9999.0 9999.0 9999.0 9999.0 9999.0 9999.0 9999.0 9999.0 9999.0 9999.0 9999.0
4.482378498074432 4.433120261170454 9999.0 9999.0 9999.0 9999.0 9999.0 9999.0 4.743416490252569 4.35 8.655922827752105 10.051119340650573 4.65966737010272 9.972462083156797 6.615323121359984 9999.0 9999.0 9999.0 9999.0 9999.0 9999.0 9999.0 9999.0 9999.0 9999.0 9999.0 9999.0 9999.0 9999.0 9999.0 9999.0 9999.0 9999.0 9999.0 9999.0 9999.0
9999.0 9999.0 6.938099974056299 6.941438125489559 3.963641791332814 9999.0 9999.0 9999.0 9999.0 9999.0 9999.0 9999.0 9999.0 9999.0 9999.0 9999.0 9999.0 8.590692637965812 9.888629834309707 16.316939051182363 4.710095540432275 15.000749981250939 12.003749414245533 4.5224440295044 4.802343178074636 11.91060451866319 11.200892821556682 8.571026776296991 9999.0 9999.0 9999.0 9999.0 9999.0 9999.0 9999.0 9999.0
9999.0 9999.0 4.5894913933899035 3.9972444571229313 5.50449418657155 9999.0 9999.0 9999.0 9999.0 9999.0 9999.0 9999.0 9999.0 9999.0 9999.0 9999.0 8.590692637965812 9999.0 1.3583077707206126 10.067894516729902 4.9522722057657536 7.983890029302758 5.73149195236284 5.224222430180399 5.741297762701391 3.891336531321854 13.583077707206126 12.96003472217571 9999.0 9999.0 9999.0 9999.0 9999.0 9999.0 9999.0 9999.0
9999.0 9999.0 5.752676007737616 5.176351345301051 6.861844230962984 9999.0 9999.0 9999.0 9999.0 9999.0 9999.0 9999.0 9999.0 9999.0 9999.0 9999.0 9.888629834309707 1.3583077707206126 9999.0 9.066007941756945 6.3 6.868951885113187 4.9522722057657536 6.265979572261627 6.689730936293327 3.3305404966761776 14.692344945583056 14.224714408380928 9999.0 9999.0 9999.0 9999.0 9999.0 9999.0 9999.0 9999.0
9999.0 9999.0 14.647369431061675 14.05194339762298 14.823068381748769 9999.0 9999.0 9999.0 9999.0 9999.0 9999.0 9999.0 9999.0 9999.0 9999.0 9999.0 16.316939051182363 10.067894516729902 9.066007941756945 9999.0 14.515939514891896 2.4186773244895647 4.512482686947397 11.7957619508025 11.574325034316256 11.160645142642965 23.64344518043003 22.769387343536497 9999.0 9999.0 9999.0 9999.0 9999.0 9999.0 9999.0 9999.0
9999.0 9999.0 2.267196782372452 2.2324903695201015 0.7563109479572538 9999.0 9999.0 9999.0 9999.0 9999.0 9999.0 9999.0 9999.0 9999.0 9999.0 9999.0 4.710095540432275 4.9522722057657536 6.3 14.515939514891896 9999.0 12.672115056295851 10.006248048094749 4.512482686947397 5.267114959823831 7.5134878718209155 9.54594154601839 8.255452743490208 9999.0 9999.0 9999.0 9999.0 9999.0 9999.0 9999.0 9999.0
9999.0 9999.0 12.568597027910474 11.97889866598762 13.057999703247049 9999.0 9999.0 9999.0 9999.0 9999.0 9999.0 9999.0 9999.0 9999.0 9999.0 9999.0 15.000749981250939 7.983890029302758 6.868951885113187 2.4186773244895647 12.672115056295851 9999.0 3.0335622624235024 10.517128885774863 10.437672154268881 8.76184911990614 21.54837580886318 20.876422107248167 9999.0 9999.0 9999.0 9999.0 9999.0 9999.0 9999.0 9999.0
9999.0 9999.0 10.245068630809655 9.648920315247711 10.311627235795523 9999.0 9999.0 9999.0 9999.0 9999.0 9999.0 9999.0 9999.0 9999.0 9999.0 9999.0 12.003749414245533 5.73149195236284 4.9522722057657536 4.512482686947397 10.006248048094749 3.0335622624235024 9999.0 7.501499850029992 7.404897028318491 7.7319143813159235 19.221082175569617 18.261229421920092 9999.0 9999.0 9999.0 9999.0 9999.0 9999.0 9999.0 9999.0
9999.0 9999.0 6.3080528889666105 5.92800246710475 4.276243240275277 9999.0 9999.0 9999.0 9999.0 9999.0 9999.0 9999.0 9999.0 9999.0 9999.0 9999.0 4.5224440295044 5.224222430180399 6.265979572261627 11.7957619508025 4.512482686947397 10.517128885774863 7.501499850029992 9999.0 0.7648529270389177 9.069729874698584 13.800815193313765 11.926650829130532 9999.0 9999.0 9999.0 9999.0 9999.0 9999.0 9999.0 9999.0
9999.0 9999.0 7.070543207561919 6.684367079237943 5.003669278639427 9999.0 9999.0 9999.0 9999.0 9999.0 9999.0 9999.0 9999.0 9999.0 9999.0 9999.0 4.802343178074636 5.741297762701391 6.689730936293327 11.574325034316256 5.267114959823831 10.437672154268881 7.404897028318491 0.7648529270389177 9999.0 9.621070626494745 14.491117969294155 12.531959144523254 9999.0 9999.0 9999.0 9999.0 9999.0 9999.0 9999.0 9999.0
9999.0 9999.0 5.947708066978406 5.559218762560078 8.235262973943213 9999.0 9999.0 9999.0 9999.0 9999.0 9999.0 9999.0 9999.0 9999.0 9999.0 9999.0 11.91060451866319 3.891336531321854 3.3305404966761776 11.160645142642965 7.5134878718209155 8.76184911990614 7.7319143813159235 9.069729874698584 9.621070626494745 9999.0 13.933861632727663 14.250789451816347 9999.0 9999.0 9999.0 9999.0 9999.0 9999.0 9999.0 9999.0
9999.0 9999.0 8.996439920879814 9.591572511846012 9.566334525302782 9999.0 9999.0 9999.0 9999.0 9999.0 9999.0 9999.0 9999.0 9999.0 9999.0 9999.0 11.200892821556682 13.583077707206126 14.692344945583056 23.64344518043003 9.54594154601839 21.54837580886318 19.221082175569617 13.800815193313765 14.491117969294155 13.933861632727663 9999.0 3.384154251803543 9999.0 9999.0 9999.0 9999.0 9999.0 9999.0 9999.0 9999.0
9999.0 9999.0 8.544172356056496 9.084567312205905 8.015310739453586 9999.0 9999.0 9999.0 9999.0 9999.0 9999.0 9999.0 9999.0 9999.0 9999.0 9999.0 8.571026776296991 12.96003472217571 14.224714408380928 22.769387343536497 8.255452743490208 20.876422107248167 18.261229421920092 11.926650829130532 12.531959144523254 14.250789451816347 3.384154251803543 9999.0 9999.0 9999.0 9999.0 9999.0 9999.0 9999.0 9999.0 9999.0
9999.0 9999.0 9999.0 9999.0 9999.0 12.14382305948172 14.229800815542008 15.129654135174405 9999.0 9999.0 9999.0 9999.0 9999.0 9999.0 9999.0 9999.0 9999.0 9999.0 9999.0 9999.0 9999.0 9999.0 9999.0 9999.0 9999.0 9999.0 9999.0 9999.0 9999.0 18.600604828875863 7.85175139698144 14.692344945583056 8.12219182240853 17.016242240870927 4.411632350955823 17.98061456124345
9999.0 9999.0 9999.0 9999.0 9999.0 6.682513636349723 4.4012988139866165 4.088481900412425 9999.0 9999.0 9999.0 9999.0 9999.0 9999.0 9999.0 9999.0 9999.0 9999.0 9999.0 9999.0 9999.0 9999.0 9999.0 9999.0 9999.0 9999.0 9999.0 9999.0 18.600604828875863 9999.0 10.826010345459679 8.623369411082887 10.509638433362015 10.131386874460969 14.449913494550755 6.0782398768064425
9999.0 9999.0 9999.0 9999.0 9999.0 4.292754185834545 6.42713242822956 7.281877110333571 9999.0 9999.0 9999.0 9999.0 9999.0 9999.0 9999.0 9999.0 9999.0 9999.0 9999.0 9999.0 9999.0 9999.0 9999.0 9999.0 9999.0 9999.0 9999.0 9999.0 7.85175139698144 10.826010345459679 9999.0 7.860343503944341 0.4242640687119285 10.590679864862311 3.628015986734347 10.475328157150972
9999.0 9999.0 9999.0 9999.0 9999.0 5.357185688400207 6.292446364491317 5.069554640202629 9999.0 9999.0 9999.0 9999.0 9999.0 9999.0 9999.0 9999.0 9999.0 9999.0 9999.0 9999.0 9999.0 9999.0 9999.0 9999.0 9999.0 9999.0 9999.0 9999.0 14.692344945583056 8.623369411082887 7.860343503944341 9999.0 7.894618420164461 2.81824413420839 10.367376717376484 3.971460688462118
9999.0 9999.0 9999.0 9999.0 9999.0 4.050696051297852 6.118588991752919 7.042175391879983 9999.0 9999.0 9999.0 9999.0 9999.0 9999.0 9999.0 9999.0 9999.0 9999.0 9999.0 9999.0 9999.0 9999.0 9999.0 9999.0 9999.0 9999.0 9999.0 9999.0 8.12219182240853 10.509638433362015 0.4242640687119285 7.894618420164461 9999.0 10.654224514247858 3.971460688462118 10.367376717376484
9999.0 9999.0 9999.0 9999.0 9999.0 8.116636526295853 8.73305681018966 7.272044709020977 9999.0 9999.0 9999.0 9999.0 9999.0 9999.0 9999.0 9999.0 9999.0 9999.0 9999.0 9999.0 9999.0 9999.0 9999.0 9999.0 9999.0 9999.0 9999.0 9999.0 17.016242240870927 10.131386874460969 10.590679864862311 2.81824413420839 10.654224514247858 9999.0 12.814249880504127 4.263801121065568
9999.0 9999.0 9999.0 9999.0 9999.0 7.853686300075907 10.04905126118879 10.811701265295854 9999.0 9999.0 9999.0 9999.0 9999.0 9999.0 9999.0 9999.0 9999.0 9999.0 9999.0 9999.0 9999.0 9999.0 9999.0 9999.0 9999.0 9999.0 9999.0 9999.0 4.411632350955823 14.449913494550755 3.628015986734347 10.367376717376484 3.971460688462118 12.814249880504127 9999.0 13.571477443521026
9999.0 9999.0 9999.0 9999.0 9999.0 6.660119255689045 6.081001665021971 4.396559365003503 9999.0 9999.0 9999.0 9999.0 9999.0 9999.0 9999.0 9999.0 9999.0 9999.0 9999.0 9999.0 9999.0 9999.0 9999.0 9999.0 9999.0 9999.0 9999.0 9999.0 17.98061456124345 6.0782398768064425 10.475328157150972 3.971460688462118 10.367376717376484 4.263801121065568 13.571477443521026 9999.0
-1 -1 -1 -1 -1 -1 -1 -1 -1 -1 -1 -1 -1 -1 -1 -1 -1 -1 -1 -1 -1 -1 -1 -1 -1 -1 -1 -1 -1 -1 -1 -1 -1 -1 -1 -1 -1 -1 -1 -1 -1 -1 -1 -1 -1 -1 -1 -1 -1 -1 -1 -1 -1 -1 -1 -1 -1 -1 -1 -1 -1 -1 -1 -1 -1 -1 -1 -1 -1 -1 -1 -1 -1 -1 -1 -1 -1 -1 -1 -1 -1 -1 -1 -1 -1 -1 -1 -1 -1 -1 -1 -1 -1 -1 -1 -1 -1 -1 -1 -1
